29, 7, 47
30, 7, 47
31, 7, 47
3, 7, 47
62, 6, 47
32, 7, 47
37, 6, 47
36, 6, 47
35, 6, 47
34, 6, 47
33, 6, 47
32, 6, 47
31, 6, 47
30, 6, 47
29, 6, 47
33, 7, 47
34, 7, 47
35, 7, 47
3, 6, 47
61, 5, 47
36, 7, 47
62, 7, 47
37, 5, 47
36, 5, 47
35, 5, 47
34, 5, 47
31, 5, 47
30, 5, 47
29, 5, 47
28, 5, 47
3, 8, 47
30, 8, 47
4, 5, 47
61, 4, 47
31, 8, 47
32, 8, 47
33, 8, 47
39, 4, 47
38, 4, 47
28, 4, 47
27, 4, 47
26, 4, 47
34, 8, 47
35, 8, 47
62, 8, 47
4, 4, 47
60, 3, 47
3, 9, 47
30, 9, 47
40, 3, 47
39, 3, 47
26, 3, 47
25, 3, 47
31, 9, 47
32, 9, 47
33, 9, 47
5, 3, 47
59, 2, 47
34, 9, 47
35, 9, 47
62, 9, 47
42, 2, 47
41, 2, 47
24, 2, 47
23, 2, 47
3, 10, 47
30, 10, 47
31, 10, 47
6, 2, 47
58, 1, 47
57, 1, 47
56, 1, 47
32, 10, 47
33, 10, 47
45, 1, 47
44, 1, 47
43, 1, 47
22, 1, 47
21, 1, 47
20, 1, 47
34, 10, 47
35, 10, 47
62, 10, 47
9, 1, 47
8, 1, 47
7, 1, 47
55, 0, 47
54, 0, 47
53, 0, 47
52, 0, 47
51, 0, 47
50, 0, 47
49, 0, 47
48, 0, 47
47, 0, 47
46, 0, 47
19, 0, 47
18, 0, 47
17, 0, 47
16, 0, 47
15, 0, 47
14, 0, 47
13, 0, 47
12, 0, 47
11, 0, 47
10, 0, 47
56, 18, 46
55, 18, 46
54, 18, 46
53, 18, 46
52, 18, 46
51, 18, 46
50, 18, 46
49, 18, 46
48, 18, 46
47, 18, 46
18, 18, 46
17, 18, 46
16, 18, 46
15, 18, 46
14, 18, 46
13, 18, 46
12, 18, 46
11, 18, 46
10, 18, 46
9, 18, 46
58, 17, 46
57, 17, 46
3, 11, 47
29, 11, 47
30, 11, 47
46, 17, 46
45, 17, 46
20, 17, 46
19, 17, 46
31, 11, 47
32, 11, 47
8, 17, 46
7, 17, 46
59, 16, 46
33, 11, 47
34, 11, 47
44, 16, 46
43, 16, 46
23, 16, 46
22, 16, 46
21, 16, 46
35, 11, 47
36, 11, 47
6, 16, 46
60, 15, 46
62, 11, 47
3, 12, 47
42, 15, 46
41, 15, 46
24, 15, 46
28, 12, 47
29, 12, 47
30, 12, 47
5, 15, 46
61, 14, 46
31, 12, 47
32, 12, 47
41, 14, 46
40, 14, 46
25, 14, 46
33, 12, 47
34, 12, 47
35, 12, 47
4, 14, 46
62, 13, 46
36, 12, 47
62, 12, 47
4, 13, 47
39, 13, 46
38, 13, 46
27, 13, 46
26, 13, 46
25, 13, 46
28, 13, 47
29, 13, 47
3, 13, 46
62, 12, 46
30, 13, 47
31, 13, 47
38, 12, 46
37, 12, 46
27, 12, 46
26, 12, 46
34, 13, 47
3, 12, 46
62, 11, 46
35, 13, 47
38, 11, 46
37, 11, 46
28, 11, 46
27, 11, 46
36, 13, 47
3, 11, 46
63, 10, 46
37, 13, 47
61, 13, 47
38, 10, 46
37, 10, 46
36, 10, 46
29, 10, 46
28, 10, 46
27, 10, 46
4, 14, 47
3, 10, 46
63, 9, 46
26, 14, 47
27, 14, 47
38, 9, 46
37, 9, 46
36, 9, 46
29, 9, 46
28, 9, 46
27, 9, 46
37, 14, 47
38, 14, 47
2, 9, 46
62, 8, 46
39, 14, 47
38, 8, 46
37, 8, 46
36, 8, 46
29, 8, 46
28, 8, 46
27, 8, 46
61, 14, 47
5, 15, 47
2, 8, 46
62, 7, 46
25, 15, 47
38, 7, 46
37, 7, 46
28, 7, 46
27, 7, 46
26, 15, 47
3, 7, 46
62, 6, 46
39, 15, 47
39, 6, 46
38, 6, 46
28, 6, 46
27, 6, 46
40, 15, 47
60, 15, 47
3, 6, 46
62, 5, 46
6, 16, 47
23, 16, 47
40, 5, 46
39, 5, 46
38, 5, 46
27, 5, 46
26, 5, 46
24, 16, 47
41, 16, 47
42, 16, 47
3, 5, 46
61, 4, 46
59, 16, 47
7, 17, 47
8, 17, 47
40, 4, 46
25, 4, 46
24, 4, 46
9, 17, 47
20, 17, 47
4, 4, 46
60, 3, 46
21, 17, 47
22, 17, 47
43, 17, 47
41, 3, 46
24, 3, 46
23, 3, 46
44, 17, 47
45, 17, 47
5, 3, 46
59, 2, 46
56, 17, 47
57, 17, 47
44, 2, 46
43, 2, 46
42, 2, 46
22, 2, 46
21, 2, 46
58, 17, 47
10, 18, 47
6, 2, 46
58, 1, 46
57, 1, 46
11, 18, 47
12, 18, 47
46, 1, 46
45, 1, 46
20, 1, 46
19, 1, 46
13, 18, 47
14, 18, 47
15, 18, 47
8, 1, 46
7, 1, 46
56, 0, 46
55, 0, 46
54, 0, 46
53, 0, 46
52, 0, 46
51, 0, 46
50, 0, 46
49, 0, 46
48, 0, 46
47, 0, 46
18, 0, 46
17, 0, 46
16, 0, 46
15, 0, 46
14, 0, 46
13, 0, 46
12, 0, 46
11, 0, 46
10, 0, 46
9, 0, 46
56, 18, 45
55, 18, 45
54, 18, 45
53, 18, 45
52, 18, 45
51, 18, 45
50, 18, 45
49, 18, 45
48, 18, 45
17, 18, 45
16, 18, 45
15, 18, 45
14, 18, 45
13, 18, 45
12, 18, 45
11, 18, 45
10, 18, 45
9, 18, 45
59, 17, 45
58, 17, 45
57, 17, 45
16, 18, 47
47, 17, 45
46, 17, 45
19, 17, 45
18, 17, 45
17, 18, 47
18, 18, 47
8, 17, 45
7, 17, 45
6, 17, 45
60, 16, 45
19, 18, 47
46, 18, 47
47, 18, 47
45, 16, 45
44, 16, 45
21, 16, 45
20, 16, 45
48, 18, 47
49, 18, 47
5, 16, 45
61, 15, 45
50, 18, 47
51, 18, 47
43, 15, 45
42, 15, 45
23, 15, 45
22, 15, 45
52, 18, 47
53, 18, 47
4, 15, 45
62, 14, 45
54, 18, 47
55, 18, 47
42, 14, 45
24, 14, 45
23, 14, 45
10, 0, 48
4, 14, 45
62, 13, 45
11, 0, 48
12, 0, 48
41, 13, 45
40, 13, 45
24, 13, 45
13, 0, 48
14, 0, 48
3, 13, 45
63, 12, 45
15, 0, 48
16, 0, 48
40, 12, 45
39, 12, 45
25, 12, 45
17, 0, 48
18, 0, 48
2, 12, 45
63, 11, 45
19, 0, 48
20, 0, 48
40, 11, 45
39, 11, 45
26, 11, 45
25, 11, 45
45, 0, 48
46, 0, 48
2, 11, 45
63, 10, 45
47, 0, 48
40, 10, 45
39, 10, 45
26, 10, 45
48, 0, 48
49, 0, 48
2, 10, 45
63, 9, 45
50, 0, 48
39, 9, 45
26, 9, 45
51, 0, 48
2, 9, 45
63, 8, 45
52, 0, 48
53, 0, 48
39, 8, 45
26, 8, 45
25, 8, 45
54, 0, 48
2, 8, 45
63, 7, 45
55, 0, 48
8, 1, 48
40, 7, 45
39, 7, 45
26, 7, 45
25, 7, 45
9, 1, 48
21, 1, 48
2, 7, 45
63, 6, 45
22, 1, 48
23, 1, 48
40, 6, 45
26, 6, 45
25, 6, 45
42, 1, 48
43, 1, 48
2, 6, 45
62, 5, 45
44, 1, 48
56, 1, 48
41, 5, 45
25, 5, 45
24, 5, 45
57, 1, 48
6, 2, 48
3, 5, 45
61, 4, 45
7, 2, 48
42, 4, 45
41, 4, 45
23, 4, 45
24, 2, 48
25, 2, 48
3, 4, 45
61, 3, 45
26, 2, 48
39, 2, 48
43, 3, 45
42, 3, 45
23, 3, 45
22, 3, 45
40, 2, 48
41, 2, 48
4, 3, 45
60, 2, 45
58, 2, 48
59, 2, 48
45, 2, 45
44, 2, 45
21, 2, 45
20, 2, 45
5, 3, 48
27, 3, 48
28, 3, 48
5, 2, 45
59, 1, 45
58, 1, 45
57, 1, 45
29, 3, 48
36, 3, 48
47, 1, 45
46, 1, 45
19, 1, 45
18, 1, 45
37, 3, 48
8, 1, 45
7, 1, 45
6, 1, 45
56, 0, 45
55, 0, 45
54, 0, 45
53, 0, 45
52, 0, 45
51, 0, 45
50, 0, 45
49, 0, 45
48, 0, 45
17, 0, 45
16, 0, 45
15, 0, 45
14, 0, 45
13, 0, 45
12, 0, 45
11, 0, 45
10, 0, 45
9, 0, 45
57, 18, 44
56, 18, 44
55, 18, 44
54, 18, 44
53, 18, 44
52, 18, 44
51, 18, 44
50, 18, 44
49, 18, 44
16, 18, 44
15, 18, 44
14, 18, 44
13, 18, 44
12, 18, 44
11, 18, 44
10, 18, 44
9, 18, 44
8, 18, 44
59, 17, 44
58, 17, 44
38, 3, 48
59, 3, 48
48, 17, 44
47, 17, 44
18, 17, 44
17, 17, 44
5, 4, 48
29, 4, 48
7, 17, 44
6, 17, 44
60, 16, 44
30, 4, 48
31, 4, 48
46, 16, 44
45, 16, 44
20, 16, 44
19, 16, 44
32, 4, 48
33, 4, 48
5, 16, 44
61, 15, 44
34, 4, 48
35, 4, 48
44, 15, 44
43, 15, 44
21, 15, 44
36, 4, 48
37, 4, 48
4, 15, 44
62, 14, 44
60, 4, 48
4, 5, 48
43, 14, 44
22, 14, 44
32, 5, 48
33, 5, 48
3, 14, 44
63, 13, 44
61, 5, 48
4, 6, 48
42, 13, 44
23, 13, 44
61, 6, 48
3, 13, 44
63, 12, 44
4, 7, 48
61, 7, 48
41, 12, 44
24, 12, 44
3, 8, 48
2, 12, 44
63, 11, 44
62, 8, 48
41, 11, 44
24, 11, 44
3, 9, 48
2, 11, 44
63, 10, 44
62, 9, 48
41, 10, 44
25, 10, 44
24, 10, 44
3, 10, 48
2, 10, 44
64, 9, 44
62, 10, 48
4, 11, 48
41, 9, 44
40, 9, 44
25, 9, 44
24, 9, 44
61, 11, 48
4, 12, 48
1, 9, 44
63, 8, 44
61, 12, 48
41, 8, 44
40, 8, 44
24, 8, 44
4, 13, 48
2, 8, 44
63, 7, 44
32, 13, 48
41, 7, 44
24, 7, 44
33, 13, 48
2, 7, 44
63, 6, 44
61, 13, 48
41, 6, 44
24, 6, 44
5, 14, 48
28, 14, 48
2, 6, 44
62, 5, 44
29, 14, 48
42, 5, 44
23, 5, 44
30, 14, 48
31, 14, 48
2, 5, 44
62, 4, 44
32, 14, 48
33, 14, 48
43, 4, 44
22, 4, 44
34, 14, 48
35, 14, 48
3, 4, 44
61, 3, 44
36, 14, 48
60, 14, 48
44, 3, 44
22, 3, 44
21, 3, 44
6, 15, 48
27, 15, 48
4, 3, 44
60, 2, 44
28, 15, 48
29, 15, 48
46, 2, 44
45, 2, 44
20, 2, 44
19, 2, 44
36, 15, 48
37, 15, 48
5, 2, 44
59, 1, 44
58, 1, 44
38, 15, 48
60, 15, 48
48, 1, 44
47, 1, 44
18, 1, 44
17, 1, 44
6, 16, 48
7, 16, 48
7, 1, 44
6, 1, 44
57, 0, 44
56, 0, 44
55, 0, 44
54, 0, 44
53, 0, 44
52, 0, 44
51, 0, 44
50, 0, 44
49, 0, 44
16, 0, 44
15, 0, 44
14, 0, 44
13, 0, 44
12, 0, 44
11, 0, 44
10, 0, 44
9, 0, 44
8, 0, 44
57, 18, 43
56, 18, 43
55, 18, 43
54, 18, 43
53, 18, 43
52, 18, 43
51, 18, 43
50, 18, 43
16, 18, 43
15, 18, 43
14, 18, 43
13, 18, 43
12, 18, 43
11, 18, 43
10, 18, 43
9, 18, 43
8, 18, 43
59, 17, 43
58, 17, 43
24, 16, 48
25, 16, 48
49, 17, 43
48, 17, 43
47, 17, 43
18, 17, 43
17, 17, 43
26, 16, 48
39, 16, 48
7, 17, 43
6, 17, 43
5, 17, 43
61, 16, 43
60, 16, 43
40, 16, 48
46, 16, 43
19, 16, 43
41, 16, 48
58, 16, 48
4, 16, 43
62, 15, 43
59, 16, 48
8, 17, 48
45, 15, 43
21, 15, 43
20, 15, 43
9, 17, 48
21, 17, 48
3, 15, 43
62, 14, 43
22, 17, 48
44, 14, 43
21, 14, 43
23, 17, 48
3, 14, 43
63, 13, 43
42, 17, 48
43, 17, 48
43, 13, 43
22, 13, 43
44, 17, 48
56, 17, 48
2, 13, 43
63, 12, 43
57, 17, 48
42, 12, 43
23, 12, 43
10, 18, 48
2, 12, 43
63, 11, 43
11, 18, 48
42, 11, 43
23, 11, 43
12, 18, 48
2, 11, 43
64, 10, 43
13, 18, 48
14, 18, 48
42, 10, 43
23, 10, 43
15, 18, 48
16, 18, 48
1, 10, 43
64, 9, 43
17, 18, 48
42, 9, 43
23, 9, 43
18, 18, 48
1, 9, 43
64, 8, 43
19, 18, 48
20, 18, 48
42, 8, 43
23, 8, 43
45, 18, 48
46, 18, 48
1, 8, 43
63, 7, 43
47, 18, 48
42, 7, 43
23, 7, 43
48, 18, 48
2, 7, 43
63, 6, 43
49, 18, 48
42, 6, 43
23, 6, 43
50, 18, 48
2, 6, 43
63, 5, 43
51, 18, 48
52, 18, 48
43, 5, 43
22, 5, 43
53, 18, 48
54, 18, 48
2, 5, 43
62, 4, 43
55, 18, 48
44, 4, 43
21, 4, 43
11, 0, 49
3, 4, 43
62, 3, 43
12, 0, 49
13, 0, 49
45, 3, 43
44, 3, 43
20, 3, 43
14, 0, 49
15, 0, 49
3, 3, 43
61, 2, 43
16, 0, 49
17, 0, 49
46, 2, 43
19, 2, 43
18, 0, 49
5, 2, 43
4, 2, 43
60, 1, 43
59, 1, 43
58, 1, 43
19, 0, 49
20, 0, 49
48, 1, 43
47, 1, 43
18, 1, 43
17, 1, 43
16, 1, 43
21, 0, 49
22, 0, 49
7, 1, 43
6, 1, 43
57, 0, 43
56, 0, 43
55, 0, 43
54, 0, 43
53, 0, 43
52, 0, 43
51, 0, 43
50, 0, 43
49, 0, 43
15, 0, 43
14, 0, 43
13, 0, 43
12, 0, 43
11, 0, 43
10, 0, 43
9, 0, 43
8, 0, 43
58, 18, 42
57, 18, 42
56, 18, 42
55, 18, 42
54, 18, 42
53, 18, 42
52, 18, 42
51, 18, 42
50, 18, 42
15, 18, 42
14, 18, 42
13, 18, 42
12, 18, 42
11, 18, 42
10, 18, 42
9, 18, 42
8, 18, 42
7, 18, 42
60, 17, 42
59, 17, 42
44, 0, 49
45, 0, 49
49, 17, 42
48, 17, 42
17, 17, 42
16, 17, 42
46, 0, 49
47, 0, 49
6, 17, 42
5, 17, 42
61, 16, 42
48, 0, 49
49, 0, 49
47, 16, 42
46, 16, 42
18, 16, 42
50, 0, 49
51, 0, 49
4, 16, 42
62, 15, 42
52, 0, 49
53, 0, 49
45, 15, 42
20, 15, 42
19, 15, 42
54, 0, 49
9, 1, 49
3, 15, 42
62, 14, 42
10, 1, 49
45, 14, 42
20, 14, 42
23, 1, 49
24, 1, 49
2, 14, 42
63, 13, 42
25, 1, 49
44, 13, 42
21, 13, 42
39, 1, 49
2, 13, 42
64, 12, 42
40, 1, 49
41, 1, 49
43, 12, 42
22, 12, 42
42, 1, 49
43, 1, 49
1, 12, 42
64, 11, 42
55, 1, 49
56, 1, 49
43, 11, 42
22, 11, 42
7, 2, 49
1, 11, 42
64, 10, 42
8, 2, 49
43, 10, 42
22, 10, 42
26, 2, 49
1, 10, 42
64, 9, 42
27, 2, 49
43, 9, 42
22, 9, 42
28, 2, 49
1, 9, 42
64, 8, 42
29, 2, 49
43, 8, 42
22, 8, 42
30, 2, 49
1, 8, 42
64, 7, 42
35, 2, 49
43, 7, 42
22, 7, 42
36, 2, 49
37, 2, 49
1, 7, 42
64, 6, 42
38, 2, 49
57, 2, 49
43, 6, 42
22, 6, 42
58, 2, 49
6, 3, 49
1, 6, 42
63, 5, 42
30, 3, 49
44, 5, 42
21, 5, 42
31, 3, 49
2, 5, 42
63, 4, 42
32, 3, 49
33, 3, 49
45, 4, 42
20, 4, 42
34, 3, 49
3, 4, 42
62, 3, 42
35, 3, 49
59, 3, 49
46, 3, 42
45, 3, 42
20, 3, 42
5, 4, 49
60, 4, 49
3, 3, 42
61, 2, 42
5, 5, 49
60, 5, 49
47, 2, 42
19, 2, 42
18, 2, 42
4, 6, 49
61, 6, 49
4, 2, 42
60, 1, 42
59, 1, 42
4, 7, 49
61, 7, 49
49, 1, 42
48, 1, 42
17, 1, 42
16, 1, 42
4, 8, 49
61, 8, 49
6, 1, 42
5, 1, 42
58, 0, 42
57, 0, 42
56, 0, 42
55, 0, 42
54, 0, 42
53, 0, 42
52, 0, 42
51, 0, 42
50, 0, 42
15, 0, 42
14, 0, 42
13, 0, 42
12, 0, 42
11, 0, 42
10, 0, 42
9, 0, 42
8, 0, 42
7, 0, 42
58, 18, 41
57, 18, 41
56, 18, 41
55, 18, 41
54, 18, 41
53, 18, 41
52, 18, 41
51, 18, 41
14, 18, 41
13, 18, 41
12, 18, 41
11, 18, 41
10, 18, 41
9, 18, 41
8, 18, 41
7, 18, 41
60, 17, 41
59, 17, 41
4, 9, 49
61, 9, 49
50, 17, 41
49, 17, 41
16, 17, 41
15, 17, 41
4, 10, 49
61, 10, 49
6, 17, 41
5, 17, 41
61, 16, 41
4, 11, 49
61, 11, 49
48, 16, 41
47, 16, 41
18, 16, 41
17, 16, 41
4, 12, 49
61, 12, 49
4, 16, 41
62, 15, 41
5, 13, 49
60, 13, 49
46, 15, 41
19, 15, 41
5, 14, 49
60, 14, 49
3, 15, 41
63, 14, 41
6, 15, 49
30, 15, 49
31, 15, 49
45, 14, 41
19, 14, 41
32, 15, 49
33, 15, 49
2, 14, 41
63, 13, 41
34, 15, 49
45, 13, 41
20, 13, 41
35, 15, 49
2, 13, 41
64, 12, 41
59, 15, 49
7, 16, 49
44, 12, 41
21, 12, 41
8, 16, 49
1, 12, 41
64, 11, 41
27, 16, 49
44, 11, 41
21, 11, 41
28, 16, 49
1, 11, 41
64, 10, 41
29, 16, 49
44, 10, 41
21, 10, 41
30, 16, 49
1, 10, 41
64, 9, 41
44, 9, 41
21, 9, 41
1, 9, 41
64, 8, 41
35, 16, 49
44, 8, 41
21, 8, 41
36, 16, 49
1, 8, 41
64, 7, 41
37, 16, 49
44, 7, 41
21, 7, 41
38, 16, 49
1, 7, 41
64, 6, 41
39, 16, 49
44, 6, 41
21, 6, 41
57, 16, 49
58, 16, 49
1, 6, 41
63, 5, 41
9, 17, 49
45, 5, 41
20, 5, 41
10, 17, 49
2, 5, 41
63, 4, 41
22, 17, 49
23, 17, 49
46, 4, 41
20, 4, 41
24, 17, 49
25, 17, 49
26, 17, 49
2, 4, 41
62, 3, 41
40, 17, 49
41, 17, 49
46, 3, 41
19, 3, 41
42, 17, 49
55, 17, 49
3, 3, 41
61, 2, 41
56, 17, 49
11, 18, 49
48, 2, 41
47, 2, 41
18, 2, 41
17, 2, 41
12, 18, 49
13, 18, 49
4, 2, 41
60, 1, 41
59, 1, 41
14, 18, 49
15, 18, 49
50, 1, 41
49, 1, 41
16, 1, 41
15, 1, 41
16, 18, 49
17, 18, 49
6, 1, 41
5, 1, 41
58, 0, 41
57, 0, 41
56, 0, 41
55, 0, 41
54, 0, 41
53, 0, 41
52, 0, 41
51, 0, 41
14, 0, 41
13, 0, 41
12, 0, 41
11, 0, 41
10, 0, 41
9, 0, 41
8, 0, 41
7, 0, 41
59, 18, 40
58, 18, 40
57, 18, 40
56, 18, 40
55, 18, 40
54, 18, 40
53, 18, 40
52, 18, 40
51, 18, 40
14, 18, 40
13, 18, 40
12, 18, 40
11, 18, 40
10, 18, 40
9, 18, 40
8, 18, 40
7, 18, 40
60, 17, 40
18, 18, 49
19, 18, 49
50, 17, 40
49, 17, 40
16, 17, 40
15, 17, 40
20, 18, 49
21, 18, 49
6, 17, 40
5, 17, 40
62, 16, 40
61, 16, 40
43, 18, 49
44, 18, 49
48, 16, 40
17, 16, 40
45, 18, 49
46, 18, 49
4, 16, 40
3, 16, 40
62, 15, 40
47, 18, 49
47, 15, 40
18, 15, 40
48, 18, 49
49, 18, 49
2, 15, 40
63, 14, 40
50, 18, 49
46, 14, 40
19, 14, 40
51, 18, 49
52, 18, 49
2, 14, 40
64, 13, 40
53, 18, 49
46, 13, 40
20, 13, 40
54, 18, 49
12, 0, 50
1, 13, 40
64, 12, 40
13, 0, 50
45, 12, 40
20, 12, 40
14, 0, 50
1, 12, 40
64, 11, 40
45, 11, 40
20, 11, 40
1, 11, 40
64, 10, 40
15, 0, 50
44, 10, 40
20, 10, 40
1, 10, 40
65, 9, 40
16, 0, 50
17, 0, 50
44, 9, 40
21, 9, 40
18, 0, 50
19, 0, 50
0, 9, 40
64, 8, 40
45, 8, 40
21, 8, 40
20, 0, 50
1, 8, 40
64, 7, 40
45, 7, 40
20, 7, 40
1, 7, 40
64, 6, 40
21, 0, 50
45, 6, 40
20, 6, 40
22, 0, 50
1, 6, 40
64, 5, 40
23, 0, 50
42, 0, 50
45, 5, 40
19, 5, 40
43, 0, 50
1, 5, 40
63, 4, 40
44, 0, 50
45, 0, 50
46, 4, 40
19, 4, 40
46, 0, 50
2, 4, 40
63, 3, 40
47, 0, 50
48, 0, 50
47, 3, 40
18, 3, 40
49, 0, 50
3, 3, 40
62, 2, 40
61, 2, 40
50, 0, 50
51, 0, 50
48, 2, 40
17, 2, 40
52, 0, 50
53, 0, 50
4, 2, 40
3, 2, 40
60, 1, 40
59, 1, 40
9, 1, 50
10, 1, 50
50, 1, 40
49, 1, 40
16, 1, 40
15, 1, 40
11, 1, 50
24, 1, 50
5, 1, 40
58, 0, 40
57, 0, 40
56, 0, 40
55, 0, 40
54, 0, 40
53, 0, 40
52, 0, 40
51, 0, 40
14, 0, 40
13, 0, 40
12, 0, 40
11, 0, 40
10, 0, 40
9, 0, 40
8, 0, 40
7, 0, 40
6, 0, 40
59, 18, 39
58, 18, 39
57, 18, 39
56, 18, 39
55, 18, 39
54, 18, 39
53, 18, 39
52, 18, 39
51, 18, 39
14, 18, 39
13, 18, 39
12, 18, 39
11, 18, 39
10, 18, 39
9, 18, 39
8, 18, 39
7, 18, 39
6, 18, 39
61, 17, 39
60, 17, 39
25, 1, 50
26, 1, 50
50, 17, 39
49, 17, 39
15, 17, 39
27, 1, 50
28, 1, 50
5, 17, 39
4, 17, 39
62, 16, 39
29, 1, 50
36, 1, 50
48, 16, 39
17, 16, 39
16, 16, 39
37, 1, 50
3, 16, 39
63, 15, 39
38, 1, 50
39, 1, 50
47, 15, 39
18, 15, 39
40, 1, 50
41, 1, 50
2, 15, 39
63, 14, 39
47, 14, 39
18, 14, 39
2, 14, 39
64, 13, 39
54, 1, 50
46, 13, 39
19, 13, 39
55, 1, 50
8, 2, 50
1, 13, 39
64, 12, 39
46, 12, 39
19, 12, 39
1, 12, 39
64, 11, 39
30, 2, 50
45, 11, 39
20, 11, 39
31, 2, 50
32, 2, 50
0, 11, 39
65, 10, 39
33, 2, 50
34, 2, 50
45, 10, 39
20, 10, 39
35, 2, 50
56, 2, 50
0, 10, 39
65, 9, 39
57, 2, 50
45, 9, 39
20, 9, 39
7, 3, 50
0, 9, 39
65, 8, 39
58, 3, 50
6, 4, 50
45, 8, 39
20, 8, 39
59, 4, 50
6, 5, 50
0, 8, 39
65, 7, 39
59, 5, 50
5, 6, 50
45, 7, 39
20, 7, 39
60, 6, 50
1, 7, 39
64, 6, 39
5, 7, 50
45, 6, 39
19, 6, 39
1, 6, 39
64, 5, 39
60, 7, 50
4, 8, 50
46, 5, 39
19, 5, 39
60, 8, 50
1, 5, 39
63, 4, 39
47, 4, 39
18, 4, 39
2, 4, 39
63, 3, 39
4, 9, 50
61, 9, 50
47, 3, 39
18, 3, 39
5, 10, 50
61, 10, 50
2, 3, 39
62, 2, 39
5, 11, 50
49, 2, 39
48, 2, 39
17, 2, 39
60, 11, 50
5, 12, 50
3, 2, 39
61, 1, 39
60, 1, 39
60, 12, 50
6, 13, 50
50, 1, 39
16, 1, 39
15, 1, 39
59, 13, 50
6, 14, 50
5, 1, 39
4, 1, 39
59, 0, 39
58, 0, 39
57, 0, 39
56, 0, 39
55, 0, 39
54, 0, 39
53, 0, 39
52, 0, 39
51, 0, 39
14, 0, 39
13, 0, 39
12, 0, 39
11, 0, 39
10, 0, 39
9, 0, 39
8, 0, 39
7, 0, 39
6, 0, 39
59, 18, 38
58, 18, 38
57, 18, 38
56, 18, 38
55, 18, 38
54, 18, 38
53, 18, 38
52, 18, 38
13, 18, 38
12, 18, 38
11, 18, 38
10, 18, 38
9, 18, 38
8, 18, 38
7, 18, 38
6, 18, 38
61, 17, 38
60, 17, 38
59, 14, 50
7, 15, 50
51, 17, 38
50, 17, 38
15, 17, 38
14, 17, 38
58, 15, 50
8, 16, 50
5, 17, 38
4, 17, 38
62, 16, 38
9, 16, 50
30, 16, 50
49, 16, 38
16, 16, 38
31, 16, 50
32, 16, 50
3, 16, 38
63, 15, 38
33, 16, 50
34, 16, 50
48, 15, 38
17, 15, 38
35, 16, 50
57, 16, 50
2, 15, 38
64, 14, 38
10, 17, 50
11, 17, 50
47, 14, 38
18, 14, 38
24, 17, 50
25, 17, 50
1, 14, 38
64, 13, 38
26, 17, 50
46, 13, 38
19, 13, 38
27, 17, 50
1, 13, 38
65, 12, 38
28, 17, 50
46, 12, 38
19, 12, 38
29, 17, 50
36, 17, 50
0, 12, 38
65, 11, 38
46, 11, 38
19, 11, 38
0, 11, 38
65, 10, 38
46, 10, 38
19, 10, 38
0, 10, 38
65, 9, 38
46, 9, 38
19, 9, 38
0, 9, 38
65, 8, 38
46, 8, 38
19, 8, 38
0, 8, 38
65, 7, 38
46, 7, 38
19, 7, 38
0, 7, 38
65, 6, 38
37, 17, 50
38, 17, 50
46, 6, 38
19, 6, 38
39, 17, 50
0, 6, 38
64, 5, 38
40, 17, 50
46, 5, 38
19, 5, 38
41, 17, 50
1, 5, 38
64, 4, 38
54, 17, 50
55, 17, 50
47, 4, 38
18, 4, 38
56, 17, 50
12, 18, 50
1, 4, 38
63, 3, 38
13, 18, 50
14, 18, 50
48, 3, 38
17, 3, 38
15, 18, 50
16, 18, 50
2, 3, 38
62, 2, 38
17, 18, 50
18, 18, 50
49, 2, 38
16, 2, 38
19, 18, 50
20, 18, 50
3, 2, 38
61, 1, 38
60, 1, 38
21, 18, 50
22, 18, 50
51, 1, 38
50, 1, 38
15, 1, 38
14, 1, 38
23, 18, 50
42, 18, 50
5, 1, 38
4, 1, 38
59, 0, 38
58, 0, 38
57, 0, 38
56, 0, 38
55, 0, 38
54, 0, 38
53, 0, 38
52, 0, 38
13, 0, 38
12, 0, 38
11, 0, 38
10, 0, 38
9, 0, 38
8, 0, 38
7, 0, 38
6, 0, 38
59, 18, 37
58, 18, 37
57, 18, 37
56, 18, 37
55, 18, 37
54, 18, 37
53, 18, 37
52, 18, 37
13, 18, 37
12, 18, 37
11, 18, 37
10, 18, 37
9, 18, 37
8, 18, 37
7, 18, 37
6, 18, 37
61, 17, 37
60, 17, 37
43, 18, 50
44, 18, 50
51, 17, 37
50, 17, 37
15, 17, 37
14, 17, 37
45, 18, 50
46, 18, 50
5, 17, 37
4, 17, 37
62, 16, 37
47, 18, 50
48, 18, 50
49, 16, 37
16, 16, 37
49, 18, 50
50, 18, 50
3, 16, 37
63, 15, 37
51, 18, 50
52, 18, 50
48, 15, 37
17, 15, 37
53, 18, 50
13, 0, 51
2, 15, 37
64, 14, 37
14, 0, 51
48, 14, 37
18, 14, 37
15, 0, 51
16, 0, 51
1, 14, 37
64, 13, 37
17, 0, 51
47, 13, 37
18, 13, 37
1, 13, 37
65, 12, 37
18, 0, 51
47, 12, 37
19, 12, 37
19, 0, 51
20, 0, 51
0, 12, 37
65, 11, 37
21, 0, 51
46, 11, 37
19, 11, 37
22, 0, 51
0, 11, 37
65, 10, 37
46, 10, 37
19, 10, 37
0, 10, 37
65, 9, 37
46, 9, 37
19, 9, 37
0, 9, 37
65, 8, 37
46, 8, 37
19, 8, 37
0, 8, 37
65, 7, 37
23, 0, 51
46, 7, 37
19, 7, 37
24, 0, 51
0, 7, 37
65, 6, 37
25, 0, 51
26, 0, 51
46, 6, 37
18, 6, 37
39, 0, 51
0, 6, 37
64, 5, 37
47, 5, 37
18, 5, 37
40, 0, 51
1, 5, 37
64, 4, 37
41, 0, 51
42, 0, 51
47, 4, 37
17, 4, 37
43, 0, 51
1, 4, 37
63, 3, 37
44, 0, 51
45, 0, 51
48, 3, 37
17, 3, 37
46, 0, 51
47, 0, 51
2, 3, 37
62, 2, 37
48, 0, 51
49, 0, 51
49, 2, 37
16, 2, 37
50, 0, 51
51, 0, 51
3, 2, 37
61, 1, 37
60, 1, 37
52, 0, 51
10, 1, 51
51, 1, 37
50, 1, 37
15, 1, 37
14, 1, 37
11, 1, 51
12, 1, 51
5, 1, 37
4, 1, 37
59, 0, 37
58, 0, 37
57, 0, 37
56, 0, 37
55, 0, 37
54, 0, 37
53, 0, 37
52, 0, 37
13, 0, 37
12, 0, 37
11, 0, 37
10, 0, 37
9, 0, 37
8, 0, 37
7, 0, 37
6, 0, 37
59, 18, 36
58, 18, 36
57, 18, 36
56, 18, 36
55, 18, 36
54, 18, 36
53, 18, 36
52, 18, 36
13, 18, 36
12, 18, 36
11, 18, 36
10, 18, 36
9, 18, 36
8, 18, 36
7, 18, 36
6, 18, 36
61, 17, 36
60, 17, 36
27, 1, 51
51, 17, 36
50, 17, 36
15, 17, 36
14, 17, 36
28, 1, 51
29, 1, 51
5, 17, 36
4, 17, 36
62, 16, 36
30, 1, 51
31, 1, 51
49, 16, 36
16, 16, 36
32, 1, 51
33, 1, 51
3, 16, 36
63, 15, 36
34, 1, 51
35, 1, 51
48, 15, 36
17, 15, 36
36, 1, 51
37, 1, 51
2, 15, 36
64, 14, 36
38, 1, 51
48, 14, 36
17, 14, 36
53, 1, 51
1, 14, 36
64, 13, 36
54, 1, 51
47, 13, 36
18, 13, 36
55, 1, 51
1, 13, 36
65, 12, 36
9, 2, 51
47, 12, 36
18, 12, 36
56, 2, 51
0, 12, 36
65, 11, 36
47, 11, 36
18, 11, 36
0, 11, 36
65, 10, 36
7, 3, 51
46, 10, 36
19, 10, 36
8, 3, 51
0, 10, 36
65, 9, 36
57, 3, 51
46, 9, 36
19, 9, 36
7, 4, 51
0, 9, 36
65, 8, 36
58, 4, 51
46, 8, 36
19, 8, 36
6, 5, 51
0, 8, 36
65, 7, 36
47, 7, 36
18, 7, 36
0, 7, 36
65, 6, 36
59, 5, 51
47, 6, 36
18, 6, 36
6, 6, 51
0, 6, 36
64, 5, 36
59, 6, 51
47, 5, 36
18, 5, 36
5, 7, 51
1, 5, 36
64, 4, 36
60, 7, 51
48, 4, 36
17, 4, 36
5, 8, 51
1, 4, 36
63, 3, 36
60, 8, 51
5, 9, 51
48, 3, 36
17, 3, 36
60, 9, 51
5, 10, 51
2, 3, 36
62, 2, 36
60, 10, 51
5, 11, 51
49, 2, 36
16, 2, 36
60, 11, 51
6, 12, 51
3, 2, 36
61, 1, 36
60, 1, 36
59, 12, 51
6, 13, 51
51, 1, 36
50, 1, 36
15, 1, 36
14, 1, 36
59, 13, 51
5, 1, 36
4, 1, 36
59, 0, 36
58, 0, 36
57, 0, 36
56, 0, 36
55, 0, 36
54, 0, 36
53, 0, 36
52, 0, 36
13, 0, 36
12, 0, 36
11, 0, 36
10, 0, 36
9, 0, 36
8, 0, 36
7, 0, 36
6, 0, 36
59, 18, 35
58, 18, 35
57, 18, 35
56, 18, 35
55, 18, 35
54, 18, 35
53, 18, 35
52, 18, 35
13, 18, 35
12, 18, 35
11, 18, 35
10, 18, 35
9, 18, 35
8, 18, 35
7, 18, 35
6, 18, 35
61, 17, 35
60, 17, 35
7, 14, 51
51, 17, 35
14, 17, 35
58, 14, 51
5, 17, 35
4, 17, 35
62, 16, 35
7, 15, 51
50, 16, 35
49, 16, 35
16, 16, 35
15, 16, 35
8, 15, 51
3, 16, 35
63, 15, 35
49, 15, 35
16, 15, 35
2, 15, 35
64, 14, 35
57, 15, 51
48, 14, 35
17, 14, 35
58, 15, 51
1, 14, 35
65, 13, 35
9, 16, 51
56, 16, 51
47, 13, 35
18, 13, 35
10, 17, 51
1, 13, 35
65, 12, 35
47, 12, 35
18, 12, 35
0, 12, 35
65, 11, 35
47, 11, 35
18, 11, 35
0, 11, 35
65, 10, 35
47, 10, 35
18, 10, 35
0, 10, 35
65, 9, 35
47, 9, 35
18, 9, 35
0, 9, 35
65, 8, 35
47, 8, 35
18, 8, 35
0, 8, 35
65, 7, 35
47, 7, 35
18, 7, 35
0, 7, 35
65, 6, 35
47, 6, 35
18, 6, 35
0, 6, 35
64, 5, 35
11, 17, 51
47, 5, 35
18, 5, 35
12, 17, 51
27, 17, 51
0, 5, 35
64, 4, 35
28, 17, 51
48, 4, 35
17, 4, 35
29, 17, 51
1, 4, 35
63, 3, 35
49, 3, 35
16, 3, 35
2, 3, 35
62, 2, 35
30, 17, 51
50, 2, 35
49, 2, 35
16, 2, 35
15, 2, 35
31, 17, 51
3, 2, 35
61, 1, 35
60, 1, 35
32, 17, 51
51, 1, 35
14, 1, 35
33, 17, 51
5, 1, 35
4, 1, 35
59, 0, 35
58, 0, 35
57, 0, 35
56, 0, 35
55, 0, 35
54, 0, 35
53, 0, 35
52, 0, 35
13, 0, 35
12, 0, 35
11, 0, 35
10, 0, 35
9, 0, 35
8, 0, 35
7, 0, 35
6, 0, 35
59, 18, 34
58, 18, 34
57, 18, 34
56, 18, 34
55, 18, 34
54, 18, 34
53, 18, 34
12, 18, 34
11, 18, 34
10, 18, 34
9, 18, 34
8, 18, 34
7, 18, 34
6, 18, 34
61, 17, 34
60, 17, 34
52, 17, 34
51, 17, 34
14, 17, 34
13, 17, 34
5, 17, 34
4, 17, 34
63, 16, 34
62, 16, 34
34, 17, 51
35, 17, 51
50, 16, 34
15, 16, 34
36, 17, 51
37, 17, 51
3, 16, 34
63, 15, 34
49, 15, 34
16, 15, 34
2, 15, 34
64, 14, 34
38, 17, 51
48, 14, 34
17, 14, 34
1, 14, 34
64, 13, 34
53, 17, 51
47, 13, 34
18, 13, 34
54, 17, 51
1, 13, 34
65, 12, 34
47, 12, 34
18, 12, 34
0, 12, 34
65, 11, 34
47, 11, 34
18, 11, 34
0, 11, 34
65, 10, 34
47, 10, 34
18, 10, 34
0, 10, 34
65, 9, 34
47, 9, 34
18, 9, 34
0, 9, 34
65, 8, 34
47, 8, 34
18, 8, 34
0, 8, 34
65, 7, 34
47, 7, 34
18, 7, 34
0, 7, 34
65, 6, 34
47, 6, 34
18, 6, 34
0, 6, 34
64, 5, 34
55, 17, 51
47, 5, 34
18, 5, 34
13, 18, 51
1, 5, 34
64, 4, 34
48, 4, 34
17, 4, 34
14, 18, 51
1, 4, 34
63, 3, 34
49, 3, 34
16, 3, 34
2, 3, 34
62, 2, 34
15, 18, 51
16, 18, 51
50, 2, 34
15, 2, 34
17, 18, 51
18, 18, 51
3, 2, 34
2, 2, 34
61, 1, 34
60, 1, 34
52, 1, 34
51, 1, 34
14, 1, 34
13, 1, 34
5, 1, 34
4, 1, 34
59, 0, 34
58, 0, 34
57, 0, 34
56, 0, 34
55, 0, 34
54, 0, 34
53, 0, 34
12, 0, 34
11, 0, 34
10, 0, 34
9, 0, 34
8, 0, 34
7, 0, 34
6, 0, 34
60, 18, 33
59, 18, 33
58, 18, 33
57, 18, 33
56, 18, 33
55, 18, 33
54, 18, 33
53, 18, 33
12, 18, 33
11, 18, 33
10, 18, 33
9, 18, 33
8, 18, 33
7, 18, 33
6, 18, 33
5, 18, 33
61, 17, 33
19, 18, 51
52, 17, 33
51, 17, 33
14, 17, 33
13, 17, 33
20, 18, 51
4, 17, 33
63, 16, 33
62, 16, 33
21, 18, 51
50, 16, 33
15, 16, 33
22, 18, 51
3, 16, 33
63, 15, 33
49, 15, 33
16, 15, 33
2, 15, 33
1, 15, 33
64, 14, 33
23, 18, 51
48, 14, 33
17, 14, 33
24, 18, 51
1, 14, 33
65, 13, 33
25, 18, 51
48, 13, 33
17, 13, 33
26, 18, 51
0, 13, 33
65, 12, 33
47, 12, 33
18, 12, 33
39, 18, 51
0, 12, 33
65, 11, 33
47, 11, 33
18, 11, 33
0, 11, 33
65, 10, 33
47, 10, 33
18, 10, 33
0, 10, 33
65, 9, 33
47, 9, 33
18, 9, 33
0, 9, 33
65, 8, 33
47, 8, 33
18, 8, 33
0, 8, 33
65, 7, 33
47, 7, 33
18, 7, 33
0, 7, 33
65, 6, 33
40, 18, 51
47, 6, 33
18, 6, 33
0, 6, 33
65, 5, 33
41, 18, 51
48, 5, 33
17, 5, 33
42, 18, 51
0, 5, 33
64, 4, 33
43, 18, 51
48, 4, 33
17, 4, 33
44, 18, 51
1, 4, 33
64, 3, 33
63, 3, 33
49, 3, 33
16, 3, 33
2, 3, 33
62, 2, 33
45, 18, 51
50, 2, 33
15, 2, 33
46, 18, 51
3, 2, 33
2, 2, 33
61, 1, 33
47, 18, 51
52, 1, 33
51, 1, 33
14, 1, 33
13, 1, 33
48, 18, 51
4, 1, 33
60, 0, 33
59, 0, 33
58, 0, 33
57, 0, 33
56, 0, 33
55, 0, 33
54, 0, 33
53, 0, 33
12, 0, 33
11, 0, 33
10, 0, 33
9, 0, 33
8, 0, 33
7, 0, 33
6, 0, 33
5, 0, 33
60, 18, 32
59, 18, 32
58, 18, 32
57, 18, 32
56, 18, 32
55, 18, 32
54, 18, 32
53, 18, 32
12, 18, 32
11, 18, 32
10, 18, 32
9, 18, 32
8, 18, 32
7, 18, 32
6, 18, 32
5, 18, 32
61, 17, 32
49, 18, 51
52, 17, 32
51, 17, 32
14, 17, 32
13, 17, 32
50, 18, 51
4, 17, 32
63, 16, 32
62, 16, 32
51, 18, 51
50, 16, 32
15, 16, 32
52, 18, 51
3, 16, 32
2, 16, 32
64, 15, 32
13, 0, 52
14, 0, 52
49, 15, 32
16, 15, 32
15, 0, 52
2, 15, 32
64, 14, 32
16, 0, 52
48, 14, 32
17, 14, 32
17, 0, 52
1, 14, 32
65, 13, 32
18, 0, 52
48, 13, 32
17, 13, 32
19, 0, 52
0, 13, 32
65, 12, 32
20, 0, 52
47, 12, 32
18, 12, 32
0, 12, 32
65, 11, 32
47, 11, 32
18, 11, 32
0, 11, 32
65, 10, 32
47, 10, 32
18, 10, 32
0, 10, 32
65, 9, 32
47, 9, 32
18, 9, 32
0, 9, 32
65, 8, 32
47, 8, 32
18, 8, 32
0, 8, 32
65, 7, 32
47, 7, 32
18, 7, 32
0, 7, 32
65, 6, 32
47, 6, 32
18, 6, 32
21, 0, 52
0, 6, 32
65, 5, 32
22, 0, 52
48, 5, 32
17, 5, 32
23, 0, 52
0, 5, 32
64, 4, 32
24, 0, 52
48, 4, 32
17, 4, 32
25, 0, 52
1, 4, 32
63, 3, 32
26, 0, 52
49, 3, 32
16, 3, 32
27, 0, 52
28, 0, 52
1, 3, 32
63, 2, 32
62, 2, 32
29, 0, 52
50, 2, 32
15, 2, 32
30, 0, 52
3, 2, 32
2, 2, 32
61, 1, 32
35, 0, 52
52, 1, 32
51, 1, 32
14, 1, 32
13, 1, 32
36, 0, 52
4, 1, 32
60, 0, 32
59, 0, 32
58, 0, 32
57, 0, 32
56, 0, 32
55, 0, 32
54, 0, 32
53, 0, 32
12, 0, 32
11, 0, 32
10, 0, 32
9, 0, 32
8, 0, 32
7, 0, 32
6, 0, 32
5, 0, 32
59, 18, 31
58, 18, 31
57, 18, 31
56, 18, 31
55, 18, 31
54, 18, 31
53, 18, 31
12, 18, 31
11, 18, 31
10, 18, 31
9, 18, 31
8, 18, 31
7, 18, 31
6, 18, 31
61, 17, 31
60, 17, 31
52, 17, 31
51, 17, 31
14, 17, 31
13, 17, 31
5, 17, 31
4, 17, 31
62, 16, 31
37, 0, 52
38, 0, 52
50, 16, 31
15, 16, 31
39, 0, 52
40, 0, 52
3, 16, 31
2, 16, 31
63, 15, 31
49, 15, 31
16, 15, 31
2, 15, 31
64, 14, 31
48, 14, 31
17, 14, 31
41, 0, 52
1, 14, 31
64, 13, 31
42, 0, 52
47, 13, 31
18, 13, 31
43, 0, 52
1, 13, 31
65, 12, 31
47, 12, 31
18, 12, 31
0, 12, 31
65, 11, 31
47, 11, 31
18, 11, 31
0, 11, 31
65, 10, 31
47, 10, 31
18, 10, 31
0, 10, 31
65, 9, 31
47, 9, 31
18, 9, 31
0, 9, 31
65, 8, 31
47, 8, 31
18, 8, 31
0, 8, 31
65, 7, 31
47, 7, 31
18, 7, 31
0, 7, 31
65, 6, 31
47, 6, 31
18, 6, 31
0, 6, 31
64, 5, 31
44, 0, 52
47, 5, 31
18, 5, 31
45, 0, 52
1, 5, 31
64, 4, 31
46, 0, 52
48, 4, 31
17, 4, 31
1, 4, 31
63, 3, 31
49, 3, 31
16, 3, 31
2, 3, 31
63, 2, 31
62, 2, 31
47, 0, 52
48, 0, 52
50, 2, 31
15, 2, 31
49, 0, 52
50, 0, 52
3, 2, 31
61, 1, 31
60, 1, 31
52, 1, 31
51, 1, 31
14, 1, 31
13, 1, 31
5, 1, 31
4, 1, 31
59, 0, 31
58, 0, 31
57, 0, 31
56, 0, 31
55, 0, 31
54, 0, 31
53, 0, 31
12, 0, 31
11, 0, 31
10, 0, 31
9, 0, 31
8, 0, 31
7, 0, 31
6, 0, 31
59, 18, 30
58, 18, 30
57, 18, 30
56, 18, 30
55, 18, 30
54, 18, 30
53, 18, 30
52, 18, 30
13, 18, 30
12, 18, 30
11, 18, 30
10, 18, 30
9, 18, 30
8, 18, 30
7, 18, 30
6, 18, 30
61, 17, 30
60, 17, 30
51, 0, 52
51, 17, 30
14, 17, 30
52, 0, 52
5, 17, 30
4, 17, 30
62, 16, 30
11, 1, 52
50, 16, 30
49, 16, 30
16, 16, 30
15, 16, 30
12, 1, 52
3, 16, 30
63, 15, 30
49, 15, 30
16, 15, 30
2, 15, 30
64, 14, 30
31, 1, 52
48, 14, 30
17, 14, 30
32, 1, 52
1, 14, 30
64, 13, 30
33, 1, 52
47, 13, 30
18, 13, 30
34, 1, 52
53, 1, 52
0, 13, 30
65, 12, 30
47, 12, 30
18, 12, 30
0, 12, 30
65, 11, 30
47, 11, 30
18, 11, 30
0, 11, 30
65, 10, 30
47, 10, 30
18, 10, 30
0, 10, 30
65, 9, 30
47, 9, 30
18, 9, 30
0, 9, 30
65, 8, 30
47, 8, 30
18, 8, 30
0, 8, 30
65, 7, 30
47, 7, 30
18, 7, 30
0, 7, 30
65, 6, 30
47, 6, 30
18, 6, 30
0, 6, 30
65, 5, 30
54, 1, 52
9, 2, 52
47, 5, 30
18, 5, 30
10, 2, 52
1, 5, 30
64, 4, 30
55, 2, 52
48, 4, 30
17, 4, 30
56, 2, 52
1, 4, 30
63, 3, 30
49, 3, 30
16, 3, 30
2, 3, 30
62, 2, 30
8, 3, 52
50, 2, 30
49, 2, 30
16, 2, 30
15, 2, 30
57, 3, 52
3, 2, 30
61, 1, 30
60, 1, 30
8, 4, 52
51, 1, 30
14, 1, 30
57, 4, 52
5, 1, 30
4, 1, 30
59, 0, 30
58, 0, 30
57, 0, 30
56, 0, 30
55, 0, 30
54, 0, 30
53, 0, 30
52, 0, 30
13, 0, 30
12, 0, 30
11, 0, 30
10, 0, 30
9, 0, 30
8, 0, 30
7, 0, 30
6, 0, 30
59, 18, 29
58, 18, 29
57, 18, 29
56, 18, 29
55, 18, 29
54, 18, 29
53, 18, 29
52, 18, 29
13, 18, 29
12, 18, 29
11, 18, 29
10, 18, 29
9, 18, 29
8, 18, 29
7, 18, 29
6, 18, 29
61, 17, 29
60, 17, 29
7, 5, 52
58, 5, 52
51, 17, 29
50, 17, 29
15, 17, 29
14, 17, 29
6, 6, 52
5, 17, 29
4, 17, 29
62, 16, 29
59, 6, 52
6, 7, 52
49, 16, 29
16, 16, 29
59, 7, 52
6, 8, 52
3, 16, 29
63, 15, 29
59, 8, 52
6, 9, 52
48, 15, 29
17, 15, 29
59, 9, 52
6, 10, 52
2, 15, 29
64, 14, 29
59, 10, 52
48, 14, 29
17, 14, 29
6, 11, 52
1, 14, 29
64, 13, 29
59, 11, 52
47, 13, 29
18, 13, 29
6, 12, 52
1, 13, 29
65, 12, 29
59, 12, 52
47, 12, 29
18, 12, 29
7, 13, 52
0, 12, 29
65, 11, 29
47, 11, 29
18, 11, 29
0, 11, 29
65, 10, 29
58, 13, 52
46, 10, 29
19, 10, 29
8, 14, 52
0, 10, 29
65, 9, 29
57, 14, 52
46, 9, 29
19, 9, 29
8, 15, 52
0, 9, 29
65, 8, 29
57, 15, 52
46, 8, 29
19, 8, 29
9, 16, 52
0, 8, 29
65, 7, 29
47, 7, 29
18, 7, 29
0, 7, 29
65, 6, 29
10, 16, 52
47, 6, 29
18, 6, 29
55, 16, 52
0, 6, 29
64, 5, 29
56, 16, 52
47, 5, 29
18, 5, 29
11, 17, 52
1, 5, 29
64, 4, 29
12, 17, 52
48, 4, 29
17, 4, 29
31, 17, 52
1, 4, 29
63, 3, 29
32, 17, 52
33, 17, 52
48, 3, 29
17, 3, 29
34, 17, 52
53, 17, 52
2, 3, 29
62, 2, 29
54, 17, 52
13, 18, 52
49, 2, 29
16, 2, 29
14, 18, 52
15, 18, 52
3, 2, 29
61, 1, 29
60, 1, 29
16, 18, 52
51, 1, 29
50, 1, 29
15, 1, 29
14, 1, 29
17, 18, 52
18, 18, 52
5, 1, 29
4, 1, 29
59, 0, 29
58, 0, 29
57, 0, 29
56, 0, 29
55, 0, 29
54, 0, 29
53, 0, 29
52, 0, 29
13, 0, 29
12, 0, 29
11, 0, 29
10, 0, 29
9, 0, 29
8, 0, 29
7, 0, 29
6, 0, 29
59, 18, 28
58, 18, 28
57, 18, 28
56, 18, 28
55, 18, 28
54, 18, 28
53, 18, 28
52, 18, 28
13, 18, 28
12, 18, 28
11, 18, 28
10, 18, 28
9, 18, 28
8, 18, 28
7, 18, 28
6, 18, 28
61, 17, 28
60, 17, 28
19, 18, 52
20, 18, 52
51, 17, 28
50, 17, 28
15, 17, 28
14, 17, 28
21, 18, 52
22, 18, 52
5, 17, 28
4, 17, 28
62, 16, 28
23, 18, 52
24, 18, 52
49, 16, 28
16, 16, 28
25, 18, 52
26, 18, 52
3, 16, 28
63, 15, 28
27, 18, 52
28, 18, 52
48, 15, 28
17, 15, 28
29, 18, 52
30, 18, 52
2, 15, 28
64, 14, 28
35, 18, 52
36, 18, 52
47, 14, 28
17, 14, 28
37, 18, 52
1, 14, 28
64, 13, 28
47, 13, 28
18, 13, 28
38, 18, 52
1, 13, 28
65, 12, 28
39, 18, 52
40, 18, 52
46, 12, 28
18, 12, 28
41, 18, 52
0, 12, 28
65, 11, 28
42, 18, 52
46, 11, 28
19, 11, 28
43, 18, 52
0, 11, 28
65, 10, 28
46, 10, 28
19, 10, 28
0, 10, 28
65, 9, 28
46, 9, 28
19, 9, 28
0, 9, 28
65, 8, 28
46, 8, 28
19, 8, 28
0, 8, 28
65, 7, 28
44, 18, 52
46, 7, 28
19, 7, 28
45, 18, 52
0, 7, 28
65, 6, 28
46, 18, 52
47, 6, 28
19, 6, 28
47, 18, 52
48, 18, 52
0, 6, 28
64, 5, 28
49, 18, 52
47, 5, 28
18, 5, 28
1, 5, 28
64, 4, 28
50, 18, 52
48, 4, 28
18, 4, 28
51, 18, 52
52, 18, 52
1, 4, 28
63, 3, 28
15, 0, 53
16, 0, 53
48, 3, 28
17, 3, 28
17, 0, 53
18, 0, 53
2, 3, 28
62, 2, 28
19, 0, 53
20, 0, 53
49, 2, 28
16, 2, 28
21, 0, 53
22, 0, 53
3, 2, 28
61, 1, 28
60, 1, 28
23, 0, 53
24, 0, 53
51, 1, 28
50, 1, 28
15, 1, 28
14, 1, 28
25, 0, 53
26, 0, 53
5, 1, 28
4, 1, 28
59, 0, 28
58, 0, 28
57, 0, 28
56, 0, 28
55, 0, 28
54, 0, 28
53, 0, 28
52, 0, 28
13, 0, 28
12, 0, 28
11, 0, 28
10, 0, 28
9, 0, 28
8, 0, 28
7, 0, 28
6, 0, 28
59, 18, 27
58, 18, 27
57, 18, 27
56, 18, 27
55, 18, 27
54, 18, 27
53, 18, 27
52, 18, 27
13, 18, 27
12, 18, 27
11, 18, 27
10, 18, 27
9, 18, 27
8, 18, 27
7, 18, 27
6, 18, 27
61, 17, 27
60, 17, 27
27, 0, 53
28, 0, 53
51, 17, 27
50, 17, 27
15, 17, 27
14, 17, 27
29, 0, 53
30, 0, 53
5, 17, 27
4, 17, 27
62, 16, 27
31, 0, 53
32, 0, 53
49, 16, 27
16, 16, 27
33, 0, 53
34, 0, 53
3, 16, 27
63, 15, 27
35, 0, 53
36, 0, 53
48, 15, 27
17, 15, 27
37, 0, 53
38, 0, 53
2, 15, 27
64, 14, 27
39, 0, 53
40, 0, 53
47, 14, 27
18, 14, 27
41, 0, 53
42, 0, 53
1, 14, 27
64, 13, 27
43, 0, 53
46, 13, 27
19, 13, 27
44, 0, 53
1, 13, 27
65, 12, 27
45, 0, 53
46, 0, 53
46, 12, 27
19, 12, 27
47, 0, 53
0, 12, 27
65, 11, 27
46, 11, 27
19, 11, 27
0, 11, 27
65, 10, 27
46, 10, 27
19, 10, 27
0, 10, 27
65, 9, 27
46, 9, 27
19, 9, 27
0, 9, 27
65, 8, 27
46, 8, 27
19, 8, 27
0, 8, 27
65, 7, 27
46, 7, 27
19, 7, 27
0, 7, 27
65, 6, 27
48, 0, 53
46, 6, 27
19, 6, 27
49, 0, 53
50, 0, 53
0, 6, 27
64, 5, 27
12, 1, 53
46, 5, 27
19, 5, 27
13, 1, 53
1, 5, 27
64, 4, 27
14, 1, 53
51, 1, 53
47, 4, 27
18, 4, 27
52, 1, 53
53, 1, 53
1, 4, 27
63, 3, 27
10, 2, 53
11, 2, 53
48, 3, 27
17, 3, 27
54, 2, 53
55, 2, 53
2, 3, 27
62, 2, 27
9, 3, 53
56, 3, 53
49, 2, 27
16, 2, 27
8, 4, 53
57, 4, 53
3, 2, 27
61, 1, 27
60, 1, 27
7, 5, 53
58, 5, 53
51, 1, 27
50, 1, 27
15, 1, 27
14, 1, 27
7, 6, 53
58, 6, 53
5, 1, 27
4, 1, 27
59, 0, 27
58, 0, 27
57, 0, 27
56, 0, 27
55, 0, 27
54, 0, 27
53, 0, 27
52, 0, 27
13, 0, 27
12, 0, 27
11, 0, 27
10, 0, 27
9, 0, 27
8, 0, 27
7, 0, 27
6, 0, 27
59, 18, 26
58, 18, 26
57, 18, 26
56, 18, 26
55, 18, 26
54, 18, 26
53, 18, 26
52, 18, 26
51, 18, 26
14, 18, 26
13, 18, 26
12, 18, 26
11, 18, 26
10, 18, 26
9, 18, 26
8, 18, 26
7, 18, 26
6, 18, 26
61, 17, 26
60, 17, 26
7, 7, 53
58, 7, 53
50, 17, 26
16, 17, 26
15, 17, 26
7, 8, 53
58, 8, 53
5, 17, 26
4, 17, 26
62, 16, 26
6, 9, 53
49, 16, 26
48, 16, 26
17, 16, 26
59, 9, 53
7, 10, 53
3, 16, 26
63, 15, 26
58, 10, 53
7, 11, 53
47, 15, 26
18, 15, 26
58, 11, 53
7, 12, 53
2, 15, 26
63, 14, 26
47, 14, 26
18, 14, 26
2, 14, 26
64, 13, 26
58, 12, 53
7, 13, 53
46, 13, 26
19, 13, 26
58, 13, 53
1, 13, 26
64, 12, 26
8, 14, 53
45, 12, 26
19, 12, 26
1, 12, 26
65, 11, 26
57, 14, 53
9, 15, 53
45, 11, 26
20, 11, 26
56, 15, 53
1, 11, 26
65, 10, 26
10, 16, 53
11, 16, 53
45, 10, 26
20, 10, 26
54, 16, 53
55, 16, 53
0, 10, 26
65, 9, 26
12, 17, 53
45, 9, 26
20, 9, 26
13, 17, 53
0, 9, 26
65, 8, 26
14, 17, 53
51, 17, 53
45, 8, 26
20, 8, 26
52, 17, 53
53, 17, 53
0, 8, 26
64, 7, 26
15, 18, 53
45, 7, 26
20, 7, 26
16, 18, 53
17, 18, 53
0, 7, 26
64, 6, 26
46, 6, 26
19, 6, 26
1, 6, 26
64, 5, 26
18, 18, 53
46, 5, 26
19, 5, 26
19, 18, 53
20, 18, 53
1, 5, 26
63, 4, 26
47, 4, 26
18, 4, 26
2, 4, 26
63, 3, 26
21, 18, 53
22, 18, 53
47, 3, 26
18, 3, 26
23, 18, 53
24, 18, 53
2, 3, 26
62, 2, 26
25, 18, 53
26, 18, 53
48, 2, 26
17, 2, 26
16, 2, 26
27, 18, 53
3, 2, 26
61, 1, 26
60, 1, 26
28, 18, 53
29, 18, 53
50, 1, 26
49, 1, 26
15, 1, 26
30, 18, 53
31, 18, 53
5, 1, 26
4, 1, 26
59, 0, 26
58, 0, 26
57, 0, 26
56, 0, 26
55, 0, 26
54, 0, 26
53, 0, 26
52, 0, 26
51, 0, 26
14, 0, 26
13, 0, 26
12, 0, 26
11, 0, 26
10, 0, 26
9, 0, 26
8, 0, 26
7, 0, 26
6, 0, 26
58, 18, 25
57, 18, 25
56, 18, 25
55, 18, 25
54, 18, 25
53, 18, 25
52, 18, 25
51, 18, 25
14, 18, 25
13, 18, 25
12, 18, 25
11, 18, 25
10, 18, 25
9, 18, 25
8, 18, 25
7, 18, 25
6, 18, 25
60, 17, 25
59, 17, 25
32, 18, 53
33, 18, 53
50, 17, 25
49, 17, 25
16, 17, 25
15, 17, 25
34, 18, 53
35, 18, 53
5, 17, 25
62, 16, 25
61, 16, 25
36, 18, 53
37, 18, 53
48, 16, 25
17, 16, 25
38, 18, 53
39, 18, 53
4, 16, 25
3, 16, 25
63, 15, 25
40, 18, 53
41, 18, 53
47, 15, 25
18, 15, 25
42, 18, 53
3, 15, 25
63, 14, 25
43, 18, 53
44, 18, 53
46, 14, 25
19, 14, 25
45, 18, 53
2, 14, 25
64, 13, 25
46, 18, 53
47, 18, 53
45, 13, 25
19, 13, 25
48, 18, 53
1, 13, 25
64, 12, 25
49, 18, 53
45, 12, 25
20, 12, 25
50, 18, 53
1, 12, 25
64, 11, 25
45, 11, 25
20, 11, 25
1, 11, 25
65, 10, 25
16, 0, 54
45, 10, 25
21, 10, 25
17, 0, 54
1, 10, 25
65, 9, 25
18, 0, 54
19, 0, 54
44, 9, 25
21, 9, 25
20, 0, 54
21, 0, 54
0, 9, 25
64, 8, 25
22, 0, 54
44, 8, 25
20, 8, 25
23, 0, 54
0, 8, 25
64, 7, 25
45, 7, 25
20, 7, 25
1, 7, 25
64, 6, 25
24, 0, 54
45, 6, 25
20, 6, 25
25, 0, 54
1, 6, 25
64, 5, 25
26, 0, 54
46, 5, 25
20, 5, 25
27, 0, 54
28, 0, 54
1, 5, 25
63, 4, 25
29, 0, 54
46, 4, 25
19, 4, 25
30, 0, 54
31, 0, 54
2, 4, 25
62, 3, 25
32, 0, 54
47, 3, 25
18, 3, 25
33, 0, 54
34, 0, 54
2, 3, 25
62, 2, 25
61, 2, 25
35, 0, 54
36, 0, 54
48, 2, 25
17, 2, 25
37, 0, 54
38, 0, 54
4, 2, 25
3, 2, 25
60, 1, 25
39, 0, 54
40, 0, 54
50, 1, 25
49, 1, 25
16, 1, 25
15, 1, 25
41, 0, 54
42, 0, 54
6, 1, 25
5, 1, 25
59, 0, 25
58, 0, 25
57, 0, 25
56, 0, 25
55, 0, 25
54, 0, 25
53, 0, 25
52, 0, 25
51, 0, 25
14, 0, 25
13, 0, 25
12, 0, 25
11, 0, 25
10, 0, 25
9, 0, 25
8, 0, 25
7, 0, 25
58, 18, 24
57, 18, 24
56, 18, 24
55, 18, 24
54, 18, 24
53, 18, 24
52, 18, 24
51, 18, 24
14, 18, 24
13, 18, 24
12, 18, 24
11, 18, 24
10, 18, 24
9, 18, 24
8, 18, 24
7, 18, 24
60, 17, 24
59, 17, 24
43, 0, 54
44, 0, 54
50, 17, 24
49, 17, 24
16, 17, 24
15, 17, 24
45, 0, 54
46, 0, 54
6, 17, 24
5, 17, 24
61, 16, 24
47, 0, 54
48, 0, 54
48, 16, 24
47, 16, 24
18, 16, 24
17, 16, 24
49, 0, 54
13, 1, 54
4, 16, 24
62, 15, 24
14, 1, 54
15, 1, 54
46, 15, 24
19, 15, 24
50, 1, 54
51, 1, 54
3, 15, 24
63, 14, 24
52, 1, 54
11, 2, 54
46, 14, 24
20, 14, 24
12, 2, 54
53, 2, 54
54, 2, 54
2, 14, 24
63, 13, 24
10, 3, 54
45, 13, 24
20, 13, 24
55, 3, 54
2, 13, 24
64, 12, 24
9, 4, 54
44, 12, 24
21, 12, 24
56, 4, 54
8, 5, 54
1, 12, 24
64, 11, 24
56, 5, 54
44, 11, 24
21, 11, 24
57, 5, 54
1, 11, 24
64, 10, 24
8, 6, 54
44, 10, 24
21, 10, 24
57, 6, 54
1, 10, 24
64, 9, 24
44, 9, 24
21, 9, 24
1, 9, 24
64, 8, 24
8, 7, 54
44, 8, 24
21, 8, 24
57, 7, 54
1, 8, 24
64, 7, 24
7, 8, 54
44, 7, 24
21, 7, 24
58, 8, 54
1, 7, 24
64, 6, 24
7, 9, 54
58, 9, 54
44, 6, 24
21, 6, 24
7, 10, 54
1, 6, 24
63, 5, 24
58, 10, 54
45, 5, 24
20, 5, 24
8, 11, 54
2, 5, 24
63, 4, 24
57, 11, 54
8, 12, 54
57, 12, 54
45, 4, 24
19, 4, 24
8, 13, 54
9, 13, 54
2, 4, 24
62, 3, 24
57, 13, 54
9, 14, 54
46, 3, 24
19, 3, 24
56, 14, 54
10, 15, 54
3, 3, 24
61, 2, 24
55, 15, 54
11, 16, 54
48, 2, 24
47, 2, 24
18, 2, 24
17, 2, 24
12, 16, 54
53, 16, 54
4, 2, 24
60, 1, 24
59, 1, 24
54, 16, 54
13, 17, 54
50, 1, 24
49, 1, 24
16, 1, 24
15, 1, 24
14, 17, 54
15, 17, 54
6, 1, 24
5, 1, 24
58, 0, 24
57, 0, 24
56, 0, 24
55, 0, 24
54, 0, 24
53, 0, 24
52, 0, 24
51, 0, 24
14, 0, 24
13, 0, 24
12, 0, 24
11, 0, 24
10, 0, 24
9, 0, 24
8, 0, 24
7, 0, 24
58, 18, 23
57, 18, 23
56, 18, 23
55, 18, 23
54, 18, 23
53, 18, 23
52, 18, 23
51, 18, 23
50, 18, 23
15, 18, 23
14, 18, 23
13, 18, 23
12, 18, 23
11, 18, 23
10, 18, 23
9, 18, 23
8, 18, 23
7, 18, 23
60, 17, 23
59, 17, 23
50, 17, 54
51, 17, 54
49, 17, 23
48, 17, 23
17, 17, 23
16, 17, 23
52, 17, 54
16, 18, 54
6, 17, 23
5, 17, 23
61, 16, 23
17, 18, 54
18, 18, 54
47, 16, 23
19, 16, 23
18, 16, 23
19, 18, 54
20, 18, 54
4, 16, 23
62, 15, 23
21, 18, 54
22, 18, 54
46, 15, 23
45, 15, 23
20, 15, 23
23, 18, 54
24, 18, 54
3, 15, 23
63, 14, 23
25, 18, 54
26, 18, 54
45, 14, 23
20, 14, 23
27, 18, 54
3, 14, 23
63, 13, 23
28, 18, 54
44, 13, 23
21, 13, 23
29, 18, 54
2, 13, 23
64, 12, 23
30, 18, 54
31, 18, 54
43, 12, 23
22, 12, 23
32, 18, 54
33, 18, 54
1, 12, 23
64, 11, 23
34, 18, 54
43, 11, 23
22, 11, 23
35, 18, 54
36, 18, 54
1, 11, 23
64, 10, 23
37, 18, 54
43, 10, 23
22, 10, 23
38, 18, 54
1, 10, 23
64, 9, 23
39, 18, 54
43, 9, 23
22, 9, 23
40, 18, 54
1, 9, 23
64, 8, 23
41, 18, 54
43, 8, 23
22, 8, 23
42, 18, 54
1, 8, 23
64, 7, 23
43, 18, 54
44, 18, 54
43, 7, 23
22, 7, 23
45, 18, 54
1, 7, 23
64, 6, 23
46, 18, 54
47, 18, 54
43, 6, 23
22, 6, 23
48, 18, 54
49, 18, 54
1, 6, 23
63, 5, 23
17, 0, 55
44, 5, 23
21, 5, 23
18, 0, 55
2, 5, 23
62, 4, 23
19, 0, 55
45, 4, 23
20, 4, 23
20, 0, 55
21, 0, 55
2, 4, 23
62, 3, 23
22, 0, 55
23, 0, 55
45, 3, 23
20, 3, 23
19, 3, 23
24, 0, 55
25, 0, 55
3, 3, 23
61, 2, 23
26, 0, 55
27, 0, 55
47, 2, 23
46, 2, 23
18, 2, 23
28, 0, 55
29, 0, 55
4, 2, 23
60, 1, 23
59, 1, 23
30, 0, 55
31, 0, 55
49, 1, 23
48, 1, 23
17, 1, 23
16, 1, 23
32, 0, 55
33, 0, 55
6, 1, 23
5, 1, 23
58, 0, 23
57, 0, 23
56, 0, 23
55, 0, 23
54, 0, 23
53, 0, 23
52, 0, 23
51, 0, 23
50, 0, 23
15, 0, 23
14, 0, 23
13, 0, 23
12, 0, 23
11, 0, 23
10, 0, 23
9, 0, 23
8, 0, 23
7, 0, 23
57, 18, 22
56, 18, 22
55, 18, 22
54, 18, 22
53, 18, 22
52, 18, 22
51, 18, 22
50, 18, 22
49, 18, 22
15, 18, 22
14, 18, 22
13, 18, 22
12, 18, 22
11, 18, 22
10, 18, 22
9, 18, 22
8, 18, 22
60, 17, 22
59, 17, 22
58, 17, 22
34, 0, 55
35, 0, 55
48, 17, 22
47, 17, 22
18, 17, 22
17, 17, 22
16, 17, 22
36, 0, 55
37, 0, 55
7, 17, 22
6, 17, 22
61, 16, 22
38, 0, 55
39, 0, 55
46, 16, 22
19, 16, 22
40, 0, 55
5, 16, 22
4, 16, 22
62, 15, 22
41, 0, 55
42, 0, 55
45, 15, 22
44, 15, 22
20, 15, 22
43, 0, 55
44, 0, 55
3, 15, 22
62, 14, 22
45, 0, 55
44, 14, 22
21, 14, 22
46, 0, 55
3, 14, 22
63, 13, 22
47, 0, 55
48, 0, 55
43, 13, 22
22, 13, 22
14, 1, 55
15, 1, 55
2, 13, 22
63, 12, 22
16, 1, 55
42, 12, 22
23, 12, 22
49, 1, 55
2, 12, 22
63, 11, 22
50, 1, 55
42, 11, 22
23, 11, 22
51, 1, 55
2, 11, 22
64, 10, 22
12, 2, 55
13, 2, 55
42, 10, 22
23, 10, 22
52, 2, 55
53, 2, 55
1, 10, 22
64, 9, 22
11, 3, 55
42, 9, 22
23, 9, 22
54, 3, 55
1, 9, 22
64, 8, 22
10, 4, 55
55, 4, 55
42, 8, 22
23, 8, 22
9, 5, 55
10, 5, 55
1, 8, 22
63, 7, 22
55, 5, 55
42, 7, 22
23, 7, 22
9, 6, 55
2, 7, 22
63, 6, 22
56, 6, 55
42, 6, 22
23, 6, 22
9, 7, 55
2, 6, 22
63, 5, 22
56, 7, 55
8, 8, 55
43, 5, 22
22, 5, 22
57, 8, 55
8, 9, 55
2, 5, 22
62, 4, 22
57, 9, 55
44, 4, 22
21, 4, 22
8, 10, 55
3, 4, 22
62, 3, 22
57, 10, 55
9, 11, 55
45, 3, 22
21, 3, 22
20, 3, 22
56, 11, 55
9, 12, 55
3, 3, 22
61, 2, 22
60, 2, 22
56, 12, 55
46, 2, 22
19, 2, 22
10, 13, 55
55, 13, 55
4, 2, 22
59, 1, 22
58, 1, 22
56, 13, 55
10, 14, 55
49, 1, 22
48, 1, 22
47, 1, 22
18, 1, 22
17, 1, 22
55, 14, 55
11, 15, 55
7, 1, 22
6, 1, 22
5, 1, 22
57, 0, 22
56, 0, 22
55, 0, 22
54, 0, 22
53, 0, 22
52, 0, 22
51, 0, 22
50, 0, 22
16, 0, 22
15, 0, 22
14, 0, 22
13, 0, 22
12, 0, 22
11, 0, 22
10, 0, 22
9, 0, 22
8, 0, 22
57, 18, 21
56, 18, 21
55, 18, 21
54, 18, 21
53, 18, 21
52, 18, 21
51, 18, 21
50, 18, 21
49, 18, 21
16, 18, 21
15, 18, 21
14, 18, 21
13, 18, 21
12, 18, 21
11, 18, 21
10, 18, 21
9, 18, 21
8, 18, 21
59, 17, 21
58, 17, 21
54, 15, 55
12, 16, 55
48, 17, 21
47, 17, 21
18, 17, 21
17, 17, 21
13, 16, 55
52, 16, 55
7, 17, 21
6, 17, 21
60, 16, 21
53, 16, 55
14, 17, 55
46, 16, 21
45, 16, 21
20, 16, 21
19, 16, 21
15, 17, 55
16, 17, 55
5, 16, 21
61, 15, 21
49, 17, 55
50, 17, 55
44, 15, 21
22, 15, 21
21, 15, 21
51, 17, 55
17, 18, 55
4, 15, 21
62, 14, 21
18, 18, 55
19, 18, 55
43, 14, 21
22, 14, 21
20, 18, 55
21, 18, 55
3, 14, 21
62, 13, 21
22, 18, 55
42, 13, 21
23, 13, 21
23, 18, 55
24, 18, 55
2, 13, 21
63, 12, 21
25, 18, 55
41, 12, 21
24, 12, 21
26, 18, 55
27, 18, 55
2, 12, 21
63, 11, 21
28, 18, 55
41, 11, 21
24, 11, 21
29, 18, 55
2, 11, 21
63, 10, 21
30, 18, 55
41, 10, 21
40, 10, 21
24, 10, 21
31, 18, 55
2, 10, 21
64, 9, 21
32, 18, 55
33, 18, 55
41, 9, 21
40, 9, 21
25, 9, 21
24, 9, 21
34, 18, 55
35, 18, 55
1, 9, 21
63, 8, 21
36, 18, 55
41, 8, 21
25, 8, 21
24, 8, 21
37, 18, 55
2, 8, 21
63, 7, 21
38, 18, 55
41, 7, 21
24, 7, 21
39, 18, 55
2, 7, 21
63, 6, 21
40, 18, 55
41, 18, 55
41, 6, 21
24, 6, 21
42, 18, 55
2, 6, 21
63, 5, 21
43, 18, 55
44, 18, 55
42, 5, 21
23, 5, 21
45, 18, 55
3, 5, 21
62, 4, 21
46, 18, 55
47, 18, 55
43, 4, 21
22, 4, 21
48, 18, 55
19, 0, 56
3, 4, 21
61, 3, 21
20, 0, 56
21, 0, 56
44, 3, 21
43, 3, 21
21, 3, 21
22, 0, 56
23, 0, 56
4, 3, 21
60, 2, 21
24, 0, 56
25, 0, 56
46, 2, 21
45, 2, 21
20, 2, 21
19, 2, 21
26, 0, 56
27, 0, 56
5, 2, 21
59, 1, 21
58, 1, 21
28, 0, 56
29, 0, 56
48, 1, 21
47, 1, 21
18, 1, 21
17, 1, 21
30, 0, 56
31, 0, 56
7, 1, 21
6, 1, 21
57, 0, 21
56, 0, 21
55, 0, 21
54, 0, 21
53, 0, 21
52, 0, 21
51, 0, 21
50, 0, 21
49, 0, 21
16, 0, 21
15, 0, 21
14, 0, 21
13, 0, 21
12, 0, 21
11, 0, 21
10, 0, 21
9, 0, 21
8, 0, 21
56, 18, 20
55, 18, 20
54, 18, 20
53, 18, 20
52, 18, 20
51, 18, 20
50, 18, 20
49, 18, 20
48, 18, 20
17, 18, 20
16, 18, 20
15, 18, 20
14, 18, 20
13, 18, 20
12, 18, 20
11, 18, 20
10, 18, 20
9, 18, 20
59, 17, 20
58, 17, 20
57, 17, 20
32, 0, 56
33, 0, 56
47, 17, 20
46, 17, 20
19, 17, 20
18, 17, 20
34, 0, 56
8, 17, 20
7, 17, 20
6, 17, 20
60, 16, 20
35, 0, 56
36, 0, 56
45, 16, 20
44, 16, 20
21, 16, 20
20, 16, 20
37, 0, 56
38, 0, 56
5, 16, 20
61, 15, 20
39, 0, 56
40, 0, 56
43, 15, 20
42, 15, 20
23, 15, 20
22, 15, 20
41, 0, 56
42, 0, 56
4, 15, 20
61, 14, 20
43, 0, 56
42, 14, 20
41, 14, 20
23, 14, 20
44, 0, 56
45, 0, 56
3, 14, 20
62, 13, 20
46, 0, 56
16, 1, 56
41, 13, 20
25, 13, 20
24, 13, 20
17, 1, 56
18, 1, 56
3, 13, 20
63, 12, 20
47, 1, 56
48, 1, 56
40, 12, 20
25, 12, 20
49, 1, 56
50, 1, 56
2, 12, 20
63, 11, 20
13, 2, 56
14, 2, 56
40, 11, 20
39, 11, 20
26, 11, 20
25, 11, 20
15, 2, 56
51, 2, 56
2, 11, 20
63, 10, 20
52, 2, 56
12, 3, 56
39, 10, 20
26, 10, 20
25, 10, 20
53, 3, 56
2, 10, 20
63, 9, 20
11, 4, 56
39, 9, 20
26, 9, 20
54, 4, 56
2, 9, 20
63, 8, 20
11, 5, 56
40, 8, 20
39, 8, 20
26, 8, 20
55, 5, 56
10, 6, 56
2, 8, 20
63, 7, 20
55, 6, 56
9, 7, 56
40, 7, 20
39, 7, 20
26, 7, 20
25, 7, 20
10, 7, 56
55, 7, 56
2, 7, 20
63, 6, 20
56, 7, 56
9, 8, 56
40, 6, 20
25, 6, 20
56, 8, 56
9, 9, 56
2, 6, 20
62, 5, 20
56, 9, 56
9, 10, 56
41, 5, 20
40, 5, 20
24, 5, 20
56, 10, 56
9, 11, 56
3, 5, 20
62, 4, 20
10, 11, 56
55, 11, 56
42, 4, 20
24, 4, 20
23, 4, 20
56, 11, 56
4, 4, 20
61, 3, 20
10, 12, 56
55, 12, 56
43, 3, 20
42, 3, 20
23, 3, 20
22, 3, 20
10, 13, 56
54, 13, 56
4, 3, 20
60, 2, 20
11, 14, 56
54, 14, 56
45, 2, 20
44, 2, 20
21, 2, 20
20, 2, 20
12, 15, 56
53, 15, 56
5, 2, 20
59, 1, 20
58, 1, 20
57, 1, 20
13, 16, 56
47, 1, 20
46, 1, 20
19, 1, 20
18, 1, 20
14, 16, 56
50, 16, 56
8, 1, 20
7, 1, 20
6, 1, 20
56, 0, 20
55, 0, 20
54, 0, 20
53, 0, 20
52, 0, 20
51, 0, 20
50, 0, 20
49, 0, 20
48, 0, 20
17, 0, 20
16, 0, 20
15, 0, 20
14, 0, 20
13, 0, 20
12, 0, 20
11, 0, 20
10, 0, 20
9, 0, 20
56, 18, 19
55, 18, 19
54, 18, 19
53, 18, 19
52, 18, 19
51, 18, 19
50, 18, 19
49, 18, 19
48, 18, 19
47, 18, 19
18, 18, 19
17, 18, 19
16, 18, 19
15, 18, 19
14, 18, 19
13, 18, 19
12, 18, 19
11, 18, 19
10, 18, 19
9, 18, 19
58, 17, 19
57, 17, 19
51, 16, 56
52, 16, 56
46, 17, 19
45, 17, 19
20, 17, 19
19, 17, 19
15, 17, 56
16, 17, 56
17, 17, 56
8, 17, 19
7, 17, 19
59, 16, 19
18, 17, 56
47, 17, 56
44, 16, 19
43, 16, 19
42, 16, 19
22, 16, 19
21, 16, 19
48, 17, 56
49, 17, 56
6, 16, 19
60, 15, 19
19, 18, 56
20, 18, 56
21, 18, 56
41, 15, 19
24, 15, 19
23, 15, 19
22, 18, 56
23, 18, 56
5, 15, 19
61, 14, 19
24, 18, 56
25, 18, 56
26, 18, 56
40, 14, 19
25, 14, 19
24, 14, 19
27, 18, 56
28, 18, 56
4, 14, 19
62, 13, 19
29, 18, 56
30, 18, 56
40, 13, 19
39, 13, 19
38, 13, 19
27, 13, 19
26, 13, 19
31, 18, 56
32, 18, 56
33, 18, 56
3, 13, 19
62, 12, 19
34, 18, 56
39, 12, 19
38, 12, 19
28, 12, 19
27, 12, 19
26, 12, 19
35, 18, 56
3, 12, 19
62, 11, 19
36, 18, 56
38, 11, 19
37, 11, 19
28, 11, 19
27, 11, 19
37, 18, 56
3, 11, 19
62, 10, 19
38, 18, 56
38, 10, 19
37, 10, 19
36, 10, 19
29, 10, 19
28, 10, 19
27, 10, 19
39, 18, 56
40, 18, 56
2, 10, 19
63, 9, 19
41, 18, 56
42, 18, 56
38, 9, 19
37, 9, 19
36, 9, 19
29, 9, 19
28, 9, 19
27, 9, 19
43, 18, 56
44, 18, 56
2, 9, 19
63, 8, 19
45, 18, 56
46, 18, 56
38, 8, 19
37, 8, 19
36, 8, 19
29, 8, 19
28, 8, 19
27, 8, 19
21, 0, 57
3, 8, 19
62, 7, 19
22, 0, 57
38, 7, 19
37, 7, 19
28, 7, 19
27, 7, 19
23, 0, 57
3, 7, 19
62, 6, 19
24, 0, 57
39, 6, 19
38, 6, 19
37, 6, 19
27, 6, 19
26, 6, 19
25, 0, 57
3, 6, 19
62, 5, 19
26, 0, 57
27, 0, 57
28, 0, 57
39, 5, 19
38, 5, 19
27, 5, 19
26, 5, 19
25, 5, 19
29, 0, 57
30, 0, 57
3, 5, 19
61, 4, 19
31, 0, 57
32, 0, 57
41, 4, 19
40, 4, 19
25, 4, 19
33, 0, 57
34, 0, 57
35, 0, 57
4, 4, 19
60, 3, 19
36, 0, 57
37, 0, 57
42, 3, 19
41, 3, 19
24, 3, 19
38, 0, 57
39, 0, 57
40, 0, 57
5, 3, 19
59, 2, 19
41, 0, 57
42, 0, 57
44, 2, 19
43, 2, 19
23, 2, 19
22, 2, 19
21, 2, 19
43, 0, 57
44, 0, 57
6, 2, 19
58, 1, 19
57, 1, 19
17, 1, 57
18, 1, 57
19, 1, 57
46, 1, 19
45, 1, 19
20, 1, 19
19, 1, 19
20, 1, 57
45, 1, 57
8, 1, 19
7, 1, 19
56, 0, 19
55, 0, 19
54, 0, 19
53, 0, 19
52, 0, 19
51, 0, 19
50, 0, 19
49, 0, 19
48, 0, 19
47, 0, 19
18, 0, 19
17, 0, 19
16, 0, 19
15, 0, 19
14, 0, 19
13, 0, 19
12, 0, 19
11, 0, 19
10, 0, 19
9, 0, 19
55, 18, 18
54, 18, 18
53, 18, 18
52, 18, 18
51, 18, 18
50, 18, 18
49, 18, 18
48, 18, 18
47, 18, 18
46, 18, 18
19, 18, 18
18, 18, 18
17, 18, 18
16, 18, 18
15, 18, 18
14, 18, 18
13, 18, 18
12, 18, 18
11, 18, 18
10, 18, 18
58, 17, 18
57, 17, 18
56, 17, 18
46, 1, 57
47, 1, 57
45, 17, 18
44, 17, 18
43, 17, 18
22, 17, 18
21, 17, 18
20, 17, 18
48, 1, 57
15, 2, 57
16, 2, 57
9, 17, 18
8, 17, 18
7, 17, 18
59, 16, 18
49, 2, 57
50, 2, 57
13, 3, 57
42, 16, 18
41, 16, 18
24, 16, 18
23, 16, 18
14, 3, 57
51, 3, 57
52, 3, 57
6, 16, 18
60, 15, 18
12, 4, 57
13, 4, 57
40, 15, 18
39, 15, 18
26, 15, 18
25, 15, 18
52, 4, 57
53, 4, 57
11, 5, 57
5, 15, 18
61, 14, 18
54, 5, 57
11, 6, 57
54, 6, 57
39, 14, 18
38, 14, 18
28, 14, 18
27, 14, 18
26, 14, 18
11, 7, 57
54, 7, 57
10, 8, 57
4, 14, 18
61, 13, 18
55, 8, 57
10, 9, 57
37, 13, 18
36, 13, 18
35, 13, 18
34, 13, 18
31, 13, 18
30, 13, 18
29, 13, 18
28, 13, 18
55, 9, 57
10, 10, 57
4, 13, 18
62, 12, 18
55, 10, 57
37, 12, 18
36, 12, 18
35, 12, 18
34, 12, 18
33, 12, 18
32, 12, 18
31, 12, 18
30, 12, 18
29, 12, 18
11, 11, 57
54, 11, 57
11, 12, 57
3, 12, 18
62, 11, 18
54, 12, 57
11, 13, 57
36, 11, 18
35, 11, 18
34, 11, 18
33, 11, 18
32, 11, 18
31, 11, 18
30, 11, 18
29, 11, 18
54, 13, 57
12, 14, 57
3, 11, 18
62, 10, 18
13, 14, 57
35, 10, 18
34, 10, 18
33, 10, 18
32, 10, 18
31, 10, 18
30, 10, 18
52, 14, 57
3, 10, 18
62, 9, 18
53, 14, 57
35, 9, 18
34, 9, 18
33, 9, 18
32, 9, 18
31, 9, 18
30, 9, 18
13, 15, 57
3, 9, 18
62, 8, 18
14, 15, 57
35, 8, 18
34, 8, 18
33, 8, 18
32, 8, 18
31, 8, 18
30, 8, 18
51, 15, 57
3, 8, 18
62, 7, 18
52, 15, 57
15, 16, 57
36, 7, 18
35, 7, 18
34, 7, 18
33, 7, 18
32, 7, 18
31, 7, 18
30, 7, 18
29, 7, 18
16, 16, 57
49, 16, 57
3, 7, 18
62, 6, 18
50, 16, 57
17, 17, 57
18, 17, 57
36, 6, 18
35, 6, 18
34, 6, 18
33, 6, 18
32, 6, 18
31, 6, 18
30, 6, 18
29, 6, 18
28, 6, 18
19, 17, 57
3, 6, 18
61, 5, 18
20, 17, 57
45, 17, 57
37, 5, 18
36, 5, 18
35, 5, 18
34, 5, 18
31, 5, 18
30, 5, 18
29, 5, 18
28, 5, 18
46, 17, 57
47, 17, 57
4, 5, 18
61, 4, 18
48, 17, 57
21, 18, 57
22, 18, 57
39, 4, 18
38, 4, 18
37, 4, 18
27, 4, 18
26, 4, 18
23, 18, 57
24, 18, 57
25, 18, 57
4, 4, 18
60, 3, 18
26, 18, 57
27, 18, 57
28, 18, 57
40, 3, 18
39, 3, 18
26, 3, 18
25, 3, 18
29, 18, 57
30, 18, 57
5, 3, 18
59, 2, 18
31, 18, 57
32, 18, 57
33, 18, 57
42, 2, 18
41, 2, 18
24, 2, 18
23, 2, 18
34, 18, 57
35, 18, 57
36, 18, 57
6, 2, 18
58, 1, 18
57, 1, 18
56, 1, 18
37, 18, 57
38, 18, 57
39, 18, 57
45, 1, 18
44, 1, 18
43, 1, 18
22, 1, 18
21, 1, 18
20, 1, 18
40, 18, 57
41, 18, 57
9, 1, 18
8, 1, 18
7, 1, 18
55, 0, 18
54, 0, 18
53, 0, 18
52, 0, 18
51, 0, 18
50, 0, 18
49, 0, 18
48, 0, 18
47, 0, 18
46, 0, 18
19, 0, 18
18, 0, 18
17, 0, 18
16, 0, 18
15, 0, 18
14, 0, 18
13, 0, 18
12, 0, 18
11, 0, 18
10, 0, 18
55, 18, 17
54, 18, 17
53, 18, 17
52, 18, 17
51, 18, 17
50, 18, 17
49, 18, 17
48, 18, 17
47, 18, 17
46, 18, 17
45, 18, 17
20, 18, 17
19, 18, 17
18, 18, 17
17, 18, 17
16, 18, 17
15, 18, 17
14, 18, 17
13, 18, 17
12, 18, 17
11, 18, 17
10, 18, 17
57, 17, 17
56, 17, 17
42, 18, 57
43, 18, 57
44, 18, 57
44, 17, 17
43, 17, 17
42, 17, 17
23, 17, 17
22, 17, 17
21, 17, 17
23, 0, 58
24, 0, 58
9, 17, 17
8, 17, 17
59, 16, 17
58, 16, 17
25, 0, 58
26, 0, 58
41, 16, 17
40, 16, 17
39, 16, 17
26, 16, 17
25, 16, 17
24, 16, 17
27, 0, 58
28, 0, 58
7, 16, 17
6, 16, 17
59, 15, 17
29, 0, 58
30, 0, 58
31, 0, 58
38, 15, 17
37, 15, 17
36, 15, 17
29, 15, 17
28, 15, 17
27, 15, 17
32, 0, 58
33, 0, 58
34, 0, 58
35, 0, 58
5, 15, 17
60, 14, 17
36, 0, 58
37, 0, 58
37, 14, 17
36, 14, 17
35, 14, 17
34, 14, 17
33, 14, 17
32, 14, 17
31, 14, 17
30, 14, 17
29, 14, 17
38, 0, 58
39, 0, 58
40, 0, 58
5, 14, 17
61, 13, 17
41, 0, 58
42, 0, 58
18, 1, 58
19, 1, 58
20, 1, 58
33, 13, 17
32, 13, 17
21, 1, 58
22, 1, 58
43, 1, 58
44, 1, 58
4, 13, 17
61, 12, 17
45, 1, 58
4, 12, 17
61, 11, 17
4, 11, 17
62, 10, 17
46, 1, 58
47, 1, 58
3, 10, 17
62, 9, 17
16, 2, 58
17, 2, 58
3, 9, 17
62, 8, 17
48, 2, 58
49, 2, 58
3, 8, 17
61, 7, 17
4, 7, 17
61, 6, 17
15, 3, 58
4, 6, 17
61, 5, 17
50, 3, 58
51, 3, 58
14, 4, 58
51, 4, 58
33, 5, 17
32, 5, 17
12, 5, 58
13, 5, 58
52, 5, 58
53, 5, 58
12, 6, 58
4, 5, 17
60, 4, 17
53, 6, 58
12, 7, 58
53, 7, 58
36, 4, 17
35, 4, 17
34, 4, 17
33, 4, 17
32, 4, 17
31, 4, 17
30, 4, 17
29, 4, 17
28, 4, 17
11, 8, 58
12, 8, 58
5, 4, 17
60, 3, 17
53, 8, 58
54, 8, 58
11, 9, 58
54, 9, 58
38, 3, 17
37, 3, 17
36, 3, 17
29, 3, 17
28, 3, 17
27, 3, 17
11, 10, 58
12, 10, 58
53, 10, 58
6, 3, 17
59, 2, 17
58, 2, 17
54, 10, 58
12, 11, 58
41, 2, 17
40, 2, 17
39, 2, 17
26, 2, 17
25, 2, 17
24, 2, 17
53, 11, 58
12, 12, 58
7, 2, 17
6, 2, 17
57, 1, 17
56, 1, 17
53, 12, 58
12, 13, 58
44, 1, 17
43, 1, 17
42, 1, 17
23, 1, 17
22, 1, 17
21, 1, 17
13, 13, 58
52, 13, 58
53, 13, 58
9, 1, 17
8, 1, 17
55, 0, 17
54, 0, 17
53, 0, 17
52, 0, 17
51, 0, 17
50, 0, 17
49, 0, 17
48, 0, 17
47, 0, 17
46, 0, 17
45, 0, 17
20, 0, 17
19, 0, 17
18, 0, 17
17, 0, 17
16, 0, 17
15, 0, 17
14, 0, 17
13, 0, 17
12, 0, 17
11, 0, 17
10, 0, 17
54, 18, 16
53, 18, 16
52, 18, 16
51, 18, 16
50, 18, 16
49, 18, 16
48, 18, 16
47, 18, 16
46, 18, 16
45, 18, 16
44, 18, 16
22, 18, 16
21, 18, 16
20, 18, 16
19, 18, 16
18, 18, 16
17, 18, 16
16, 18, 16
15, 18, 16
14, 18, 16
13, 18, 16
12, 18, 16
11, 18, 16
56, 17, 16
55, 17, 16
14, 14, 58
51, 14, 58
43, 17, 16
42, 17, 16
41, 17, 16
40, 17, 16
39, 17, 16
25, 17, 16
24, 17, 16
23, 17, 16
14, 15, 58
15, 15, 58
50, 15, 58
10, 17, 16
9, 17, 16
58, 16, 16
57, 16, 16
16, 16, 58
17, 16, 58
48, 16, 58
49, 16, 58
38, 16, 16
37, 16, 16
36, 16, 16
35, 16, 16
30, 16, 16
29, 16, 16
28, 16, 16
27, 16, 16
26, 16, 16
18, 17, 58
19, 17, 58
20, 17, 58
8, 16, 16
7, 16, 16
59, 15, 16
21, 17, 58
22, 17, 58
43, 17, 58
44, 17, 58
35, 15, 16
34, 15, 16
33, 15, 16
32, 15, 16
31, 15, 16
30, 15, 16
45, 17, 58
46, 17, 58
47, 17, 58
23, 18, 58
6, 15, 16
60, 14, 16
24, 18, 58
25, 18, 58
26, 18, 58
27, 18, 58
5, 14, 16
60, 13, 16
28, 18, 58
29, 18, 58
5, 13, 16
61, 12, 16
30, 18, 58
31, 18, 58
4, 12, 16
61, 11, 16
32, 18, 58
33, 18, 58
4, 11, 16
61, 10, 16
4, 10, 16
61, 9, 16
4, 9, 16
61, 8, 16
4, 8, 16
61, 7, 16
34, 18, 58
35, 18, 58
4, 7, 16
61, 6, 16
36, 18, 58
37, 18, 58
4, 6, 16
60, 5, 16
38, 18, 58
39, 18, 58
5, 5, 16
60, 4, 16
40, 18, 58
41, 18, 58
42, 18, 58
26, 0, 59
5, 4, 16
59, 3, 16
27, 0, 59
28, 0, 59
29, 0, 59
30, 0, 59
35, 3, 16
34, 3, 16
33, 3, 16
32, 3, 16
31, 3, 16
30, 3, 16
31, 0, 59
32, 0, 59
33, 0, 59
34, 0, 59
6, 3, 16
58, 2, 16
57, 2, 16
35, 0, 59
36, 0, 59
37, 0, 59
39, 2, 16
38, 2, 16
37, 2, 16
36, 2, 16
35, 2, 16
30, 2, 16
29, 2, 16
28, 2, 16
27, 2, 16
38, 0, 59
39, 0, 59
40, 0, 59
20, 1, 59
8, 2, 16
7, 2, 16
56, 1, 16
55, 1, 16
21, 1, 59
22, 1, 59
23, 1, 59
42, 1, 16
41, 1, 16
40, 1, 16
26, 1, 16
25, 1, 16
24, 1, 16
23, 1, 16
22, 1, 16
24, 1, 59
25, 1, 59
10, 1, 16
9, 1, 16
54, 0, 16
53, 0, 16
52, 0, 16
51, 0, 16
50, 0, 16
49, 0, 16
48, 0, 16
47, 0, 16
46, 0, 16
45, 0, 16
44, 0, 16
43, 0, 16
21, 0, 16
20, 0, 16
19, 0, 16
18, 0, 16
17, 0, 16
16, 0, 16
15, 0, 16
14, 0, 16
13, 0, 16
12, 0, 16
11, 0, 16
53, 18, 15
52, 18, 15
51, 18, 15
50, 18, 15
49, 18, 15
48, 18, 15
47, 18, 15
46, 18, 15
45, 18, 15
44, 18, 15
43, 18, 15
42, 18, 15
23, 18, 15
22, 18, 15
21, 18, 15
20, 18, 15
19, 18, 15
18, 18, 15
17, 18, 15
16, 18, 15
15, 18, 15
14, 18, 15
13, 18, 15
12, 18, 15
55, 17, 15
54, 17, 15
41, 1, 59
42, 1, 59
43, 1, 59
41, 17, 15
40, 17, 15
39, 17, 15
38, 17, 15
37, 17, 15
36, 17, 15
29, 17, 15
28, 17, 15
27, 17, 15
26, 17, 15
25, 17, 15
24, 17, 15
44, 1, 59
45, 1, 59
11, 17, 15
10, 17, 15
9, 17, 15
57, 16, 15
56, 16, 15
17, 2, 59
18, 2, 59
19, 2, 59
46, 2, 59
35, 16, 15
34, 16, 15
33, 16, 15
32, 16, 15
31, 16, 15
30, 16, 15
47, 2, 59
48, 2, 59
16, 3, 59
17, 3, 59
8, 16, 15
58, 15, 15
49, 3, 59
15, 4, 59
50, 4, 59
7, 15, 15
59, 14, 15
14, 5, 59
15, 5, 59
6, 14, 15
59, 13, 15
6, 13, 15
60, 12, 15
50, 5, 59
51, 5, 59
5, 12, 15
60, 11, 15
5, 11, 15
60, 10, 15
13, 6, 59
4, 10, 15
61, 9, 15
14, 6, 59
51, 6, 59
4, 9, 15
61, 8, 15
52, 6, 59
5, 8, 15
60, 7, 15
5, 7, 15
60, 6, 15
13, 7, 59
52, 7, 59
5, 6, 15
59, 5, 15
6, 5, 15
59, 4, 15
13, 8, 59
52, 8, 59
6, 4, 15
58, 3, 15
12, 9, 59
13, 9, 59
52, 9, 59
7, 3, 15
57, 2, 15
53, 9, 59
13, 10, 59
52, 10, 59
13, 11, 59
35, 2, 15
34, 2, 15
33, 2, 15
32, 2, 15
31, 2, 15
30, 2, 15
52, 11, 59
13, 12, 59
14, 12, 59
51, 12, 59
9, 2, 15
8, 2, 15
56, 1, 15
55, 1, 15
54, 1, 15
52, 12, 59
14, 13, 59
41, 1, 15
40, 1, 15
39, 1, 15
38, 1, 15
37, 1, 15
36, 1, 15
29, 1, 15
28, 1, 15
27, 1, 15
26, 1, 15
25, 1, 15
24, 1, 15
15, 13, 59
50, 13, 59
51, 13, 59
11, 1, 15
10, 1, 15
53, 0, 15
52, 0, 15
51, 0, 15
50, 0, 15
49, 0, 15
48, 0, 15
47, 0, 15
46, 0, 15
45, 0, 15
44, 0, 15
43, 0, 15
42, 0, 15
23, 0, 15
22, 0, 15
21, 0, 15
20, 0, 15
19, 0, 15
18, 0, 15
17, 0, 15
16, 0, 15
15, 0, 15
14, 0, 15
13, 0, 15
12, 0, 15
52, 18, 14
51, 18, 14
50, 18, 14
49, 18, 14
48, 18, 14
47, 18, 14
46, 18, 14
45, 18, 14
44, 18, 14
43, 18, 14
42, 18, 14
41, 18, 14
40, 18, 14
39, 18, 14
26, 18, 14
25, 18, 14
24, 18, 14
23, 18, 14
22, 18, 14
21, 18, 14
20, 18, 14
19, 18, 14
18, 18, 14
17, 18, 14
16, 18, 14
15, 18, 14
14, 18, 14
13, 18, 14
55, 17, 14
54, 17, 14
53, 17, 14
15, 14, 59
50, 14, 59
16, 15, 59
48, 15, 59
38, 17, 14
37, 17, 14
36, 17, 14
35, 17, 14
34, 17, 14
33, 17, 14
32, 17, 14
31, 17, 14
30, 17, 14
29, 17, 14
28, 17, 14
27, 17, 14
49, 15, 59
17, 16, 59
18, 16, 59
19, 16, 59
12, 17, 14
11, 17, 14
10, 17, 14
56, 16, 14
46, 16, 59
47, 16, 59
48, 16, 59
20, 17, 59
21, 17, 59
22, 17, 59
9, 16, 14
57, 15, 14
23, 17, 59
24, 17, 59
8, 15, 14
7, 15, 14
58, 14, 14
40, 17, 59
41, 17, 59
7, 14, 14
59, 13, 14
42, 17, 59
43, 17, 59
6, 13, 14
59, 12, 14
6, 12, 14
60, 11, 14
44, 17, 59
45, 17, 59
5, 11, 14
60, 10, 14
25, 18, 59
26, 18, 59
5, 10, 14
60, 9, 14
27, 18, 59
28, 18, 59
5, 9, 14
60, 8, 14
29, 18, 59
30, 18, 59
5, 8, 14
60, 7, 14
31, 18, 59
32, 18, 59
5, 7, 14
59, 6, 14
6, 6, 14
59, 5, 14
33, 18, 59
34, 18, 59
6, 5, 14
58, 4, 14
35, 18, 59
36, 18, 59
7, 4, 14
58, 3, 14
57, 3, 14
37, 18, 59
38, 18, 59
8, 3, 14
7, 3, 14
56, 2, 14
39, 18, 59
32, 0, 60
33, 0, 60
22, 1, 60
23, 1, 60
24, 1, 60
9, 2, 14
55, 1, 14
54, 1, 14
53, 1, 14
25, 1, 60
26, 1, 60
27, 1, 60
28, 1, 60
38, 1, 14
37, 1, 14
36, 1, 14
35, 1, 14
34, 1, 14
33, 1, 14
32, 1, 14
31, 1, 14
30, 1, 14
29, 1, 14
28, 1, 14
27, 1, 14
29, 1, 60
30, 1, 60
31, 1, 60
34, 1, 60
12, 1, 14
11, 1, 14
10, 1, 14
52, 0, 14
51, 0, 14
50, 0, 14
49, 0, 14
48, 0, 14
47, 0, 14
46, 0, 14
45, 0, 14
44, 0, 14
43, 0, 14
42, 0, 14
41, 0, 14
40, 0, 14
39, 0, 14
26, 0, 14
25, 0, 14
24, 0, 14
23, 0, 14
22, 0, 14
21, 0, 14
20, 0, 14
19, 0, 14
18, 0, 14
17, 0, 14
16, 0, 14
15, 0, 14
14, 0, 14
13, 0, 14
52, 18, 13
51, 18, 13
50, 18, 13
49, 18, 13
48, 18, 13
47, 18, 13
46, 18, 13
45, 18, 13
44, 18, 13
43, 18, 13
42, 18, 13
41, 18, 13
40, 18, 13
39, 18, 13
38, 18, 13
37, 18, 13
36, 18, 13
35, 18, 13
30, 18, 13
29, 18, 13
28, 18, 13
27, 18, 13
26, 18, 13
25, 18, 13
24, 18, 13
23, 18, 13
22, 18, 13
21, 18, 13
20, 18, 13
19, 18, 13
18, 18, 13
17, 18, 13
16, 18, 13
15, 18, 13
14, 18, 13
13, 18, 13
54, 17, 13
53, 17, 13
35, 1, 60
36, 1, 60
37, 1, 60
38, 1, 60
39, 1, 60
40, 1, 60
34, 17, 13
33, 17, 13
32, 17, 13
31, 17, 13
41, 1, 60
42, 1, 60
20, 2, 60
21, 2, 60
43, 2, 60
44, 2, 60
12, 17, 13
11, 17, 13
56, 16, 13
55, 16, 13
45, 2, 60
18, 3, 60
10, 16, 13
9, 16, 13
57, 15, 13
19, 3, 60
46, 3, 60
47, 3, 60
8, 15, 13
57, 14, 13
48, 3, 60
8, 14, 13
58, 13, 13
16, 4, 60
17, 4, 60
7, 13, 13
59, 12, 13
48, 4, 60
49, 4, 60
6, 12, 13
59, 11, 13
16, 5, 60
49, 5, 60
6, 11, 13
59, 10, 13
15, 6, 60
50, 6, 60
6, 10, 13
59, 9, 13
6, 9, 13
59, 8, 13
14, 7, 60
15, 7, 60
6, 8, 13
59, 7, 13
50, 7, 60
51, 7, 60
6, 7, 13
59, 6, 13
14, 8, 60
15, 8, 60
6, 6, 13
58, 5, 13
51, 8, 60
14, 9, 60
7, 5, 13
57, 4, 13
51, 9, 60
8, 4, 13
57, 3, 13
14, 10, 60
50, 10, 60
51, 10, 60
8, 3, 13
56, 2, 13
55, 2, 13
14, 11, 60
15, 11, 60
10, 2, 13
9, 2, 13
54, 1, 13
53, 1, 13
50, 11, 60
51, 11, 60
15, 12, 60
50, 12, 60
16, 13, 60
49, 13, 60
34, 1, 13
33, 1, 13
32, 1, 13
31, 1, 13
16, 14, 60
17, 14, 60
48, 14, 60
49, 14, 60
17, 15, 60
18, 15, 60
12, 1, 13
11, 1, 13
52, 0, 13
51, 0, 13
50, 0, 13
49, 0, 13
48, 0, 13
47, 0, 13
46, 0, 13
45, 0, 13
44, 0, 13
43, 0, 13
42, 0, 13
41, 0, 13
40, 0, 13
39, 0, 13
38, 0, 13
37, 0, 13
36, 0, 13
35, 0, 13
30, 0, 13
29, 0, 13
28, 0, 13
27, 0, 13
26, 0, 13
25, 0, 13
24, 0, 13
23, 0, 13
22, 0, 13
21, 0, 13
20, 0, 13
19, 0, 13
18, 0, 13
17, 0, 13
16, 0, 13
15, 0, 13
14, 0, 13
13, 0, 13
50, 18, 12
49, 18, 12
48, 18, 12
47, 18, 12
46, 18, 12
45, 18, 12
44, 18, 12
43, 18, 12
42, 18, 12
41, 18, 12
40, 18, 12
39, 18, 12
38, 18, 12
37, 18, 12
36, 18, 12
35, 18, 12
34, 18, 12
33, 18, 12
32, 18, 12
31, 18, 12
30, 18, 12
29, 18, 12
28, 18, 12
27, 18, 12
26, 18, 12
25, 18, 12
24, 18, 12
23, 18, 12
22, 18, 12
21, 18, 12
20, 18, 12
19, 18, 12
18, 18, 12
17, 18, 12
16, 18, 12
15, 18, 12
53, 17, 12
52, 17, 12
51, 17, 12
19, 15, 60
46, 15, 60
14, 17, 12
13, 17, 12
12, 17, 12
55, 16, 12
54, 16, 12
47, 15, 60
20, 16, 60
11, 16, 12
10, 16, 12
56, 15, 12
21, 16, 60
22, 16, 60
44, 16, 60
45, 16, 60
9, 15, 12
57, 14, 12
23, 17, 60
24, 17, 60
8, 14, 12
58, 13, 12
25, 17, 60
26, 17, 60
27, 17, 60
28, 17, 60
7, 13, 12
58, 12, 12
29, 17, 60
30, 17, 60
7, 12, 12
58, 11, 12
31, 17, 60
34, 17, 60
7, 11, 12
58, 10, 12
7, 10, 12
59, 9, 12
35, 17, 60
36, 17, 60
6, 9, 12
58, 8, 12
7, 8, 12
58, 7, 12
37, 17, 60
38, 17, 60
7, 7, 12
58, 6, 12
39, 17, 60
40, 17, 60
7, 6, 12
58, 5, 12
41, 17, 60
42, 17, 60
43, 17, 60
32, 18, 60
7, 5, 12
57, 4, 12
33, 18, 60
26, 1, 61
8, 4, 12
56, 3, 12
27, 1, 61
28, 1, 61
29, 1, 61
30, 1, 61
9, 3, 12
55, 2, 12
54, 2, 12
31, 1, 61
32, 1, 61
11, 2, 12
10, 2, 12
53, 1, 12
52, 1, 12
51, 1, 12
33, 1, 61
34, 1, 61
14, 1, 12
13, 1, 12
12, 1, 12
50, 0, 12
49, 0, 12
48, 0, 12
47, 0, 12
46, 0, 12
45, 0, 12
44, 0, 12
43, 0, 12
42, 0, 12
41, 0, 12
40, 0, 12
39, 0, 12
38, 0, 12
37, 0, 12
36, 0, 12
35, 0, 12
34, 0, 12
33, 0, 12
32, 0, 12
31, 0, 12
30, 0, 12
29, 0, 12
28, 0, 12
27, 0, 12
26, 0, 12
25, 0, 12
24, 0, 12
23, 0, 12
22, 0, 12
21, 0, 12
20, 0, 12
19, 0, 12
18, 0, 12
17, 0, 12
16, 0, 12
15, 0, 12
49, 18, 11
48, 18, 11
47, 18, 11
46, 18, 11
45, 18, 11
44, 18, 11
43, 18, 11
42, 18, 11
41, 18, 11
40, 18, 11
39, 18, 11
38, 18, 11
37, 18, 11
36, 18, 11
35, 18, 11
34, 18, 11
33, 18, 11
32, 18, 11
31, 18, 11
30, 18, 11
29, 18, 11
28, 18, 11
27, 18, 11
26, 18, 11
25, 18, 11
24, 18, 11
23, 18, 11
22, 18, 11
21, 18, 11
20, 18, 11
19, 18, 11
18, 18, 11
17, 18, 11
16, 18, 11
52, 17, 11
51, 17, 11
50, 17, 11
35, 1, 61
36, 1, 61
15, 17, 11
14, 17, 11
13, 17, 11
54, 16, 11
53, 16, 11
37, 1, 61
38, 1, 61
12, 16, 11
11, 16, 11
55, 15, 11
39, 1, 61
22, 2, 61
23, 2, 61
24, 2, 61
10, 15, 11
56, 14, 11
25, 2, 61
40, 2, 61
9, 14, 11
57, 13, 11
56, 13, 11
41, 2, 61
42, 2, 61
8, 13, 11
57, 12, 11
43, 2, 61
20, 3, 61
8, 12, 11
57, 11, 11
21, 3, 61
8, 11, 11
58, 10, 11
44, 3, 61
45, 3, 61
7, 10, 11
58, 9, 11
18, 4, 61
19, 4, 61
7, 9, 11
58, 8, 11
20, 4, 61
46, 4, 61
7, 8, 11
57, 7, 11
47, 4, 61
8, 7, 11
57, 6, 11
17, 5, 61
18, 5, 61
8, 6, 11
57, 5, 11
47, 5, 61
48, 5, 61
9, 5, 11
8, 5, 11
56, 4, 11
16, 6, 61
17, 6, 61
9, 4, 11
55, 3, 11
48, 6, 61
49, 6, 61
16, 7, 61
17, 7, 61
10, 3, 11
54, 2, 11
53, 2, 11
48, 7, 61
49, 7, 61
12, 2, 11
11, 2, 11
52, 1, 11
51, 1, 11
50, 1, 11
16, 8, 61
49, 8, 61
15, 1, 11
14, 1, 11
13, 1, 11
49, 0, 11
48, 0, 11
47, 0, 11
46, 0, 11
45, 0, 11
44, 0, 11
43, 0, 11
42, 0, 11
41, 0, 11
40, 0, 11
39, 0, 11
38, 0, 11
37, 0, 11
36, 0, 11
35, 0, 11
34, 0, 11
33, 0, 11
32, 0, 11
31, 0, 11
30, 0, 11
29, 0, 11
28, 0, 11
27, 0, 11
26, 0, 11
25, 0, 11
24, 0, 11
23, 0, 11
22, 0, 11
21, 0, 11
20, 0, 11
19, 0, 11
18, 0, 11
17, 0, 11
16, 0, 11
48, 18, 10
47, 18, 10
46, 18, 10
45, 18, 10
44, 18, 10
43, 18, 10
42, 18, 10
41, 18, 10
40, 18, 10
39, 18, 10
38, 18, 10
37, 18, 10
36, 18, 10
35, 18, 10
34, 18, 10
33, 18, 10
32, 18, 10
31, 18, 10
30, 18, 10
29, 18, 10
28, 18, 10
27, 18, 10
26, 18, 10
25, 18, 10
24, 18, 10
23, 18, 10
22, 18, 10
21, 18, 10
20, 18, 10
19, 18, 10
18, 18, 10
17, 18, 10
51, 17, 10
50, 17, 10
49, 17, 10
50, 8, 61
15, 9, 61
16, 9, 61
16, 17, 10
15, 17, 10
14, 17, 10
53, 16, 10
52, 16, 10
49, 9, 61
50, 9, 61
15, 10, 61
13, 16, 10
12, 16, 10
54, 15, 10
16, 10, 61
49, 10, 61
16, 11, 61
11, 15, 10
55, 14, 10
17, 11, 61
48, 11, 61
10, 14, 10
55, 13, 10
49, 11, 61
10, 13, 10
9, 13, 10
56, 12, 10
16, 12, 61
17, 12, 61
9, 12, 10
56, 11, 10
9, 11, 10
57, 10, 10
48, 12, 61
49, 12, 61
8, 10, 10
57, 9, 10
17, 13, 61
18, 13, 61
8, 9, 10
57, 8, 10
47, 13, 61
48, 13, 61
8, 8, 10
56, 7, 10
9, 7, 10
56, 6, 10
18, 14, 61
19, 14, 61
9, 6, 10
56, 5, 10
55, 5, 10
45, 14, 61
10, 5, 10
55, 4, 10
46, 14, 61
47, 14, 61
10, 4, 10
54, 3, 10
20, 15, 61
21, 15, 61
44, 15, 61
11, 3, 10
53, 2, 10
52, 2, 10
45, 15, 61
22, 16, 61
23, 16, 61
13, 2, 10
12, 2, 10
51, 1, 10
50, 1, 10
49, 1, 10
24, 16, 61
25, 16, 61
40, 16, 61
16, 1, 10
15, 1, 10
14, 1, 10
48, 0, 10
47, 0, 10
46, 0, 10
45, 0, 10
44, 0, 10
43, 0, 10
42, 0, 10
41, 0, 10
40, 0, 10
39, 0, 10
38, 0, 10
37, 0, 10
36, 0, 10
35, 0, 10
34, 0, 10
33, 0, 10
32, 0, 10
31, 0, 10
30, 0, 10
29, 0, 10
28, 0, 10
27, 0, 10
26, 0, 10
25, 0, 10
24, 0, 10
23, 0, 10
22, 0, 10
21, 0, 10
20, 0, 10
19, 0, 10
18, 0, 10
17, 0, 10
46, 18, 9
45, 18, 9
44, 18, 9
43, 18, 9
42, 18, 9
41, 18, 9
40, 18, 9
39, 18, 9
38, 18, 9
37, 18, 9
36, 18, 9
35, 18, 9
34, 18, 9
33, 18, 9
32, 18, 9
31, 18, 9
30, 18, 9
29, 18, 9
28, 18, 9
27, 18, 9
26, 18, 9
25, 18, 9
24, 18, 9
23, 18, 9
22, 18, 9
21, 18, 9
20, 18, 9
19, 18, 9
50, 17, 9
49, 17, 9
48, 17, 9
47, 17, 9
41, 16, 61
42, 16, 61
43, 16, 61
18, 17, 9
17, 17, 9
16, 17, 9
52, 16, 9
51, 16, 9
26, 17, 61
27, 17, 61
28, 17, 61
15, 16, 9
14, 16, 9
13, 16, 9
53, 15, 9
29, 17, 61
30, 17, 61
31, 17, 61
32, 17, 61
12, 15, 9
54, 14, 9
33, 17, 61
34, 17, 61
35, 17, 61
11, 14, 9
55, 13, 9
36, 17, 61
37, 17, 61
38, 17, 61
11, 13, 9
55, 12, 9
39, 17, 61
25, 2, 62
10, 12, 9
56, 11, 9
55, 11, 9
26, 2, 62
10, 11, 9
9, 11, 9
56, 10, 9
27, 2, 62
28, 2, 62
9, 10, 9
56, 9, 9
29, 2, 62
30, 2, 62
9, 9, 9
56, 8, 9
31, 2, 62
32, 2, 62
9, 8, 9
56, 7, 9
55, 7, 9
33, 2, 62
10, 7, 9
9, 7, 9
55, 6, 9
34, 2, 62
35, 2, 62
10, 6, 9
54, 5, 9
36, 2, 62
37, 2, 62
38, 2, 62
10, 5, 9
54, 4, 9
39, 2, 62
40, 2, 62
22, 3, 62
11, 4, 9
53, 3, 9
23, 3, 62
24, 3, 62
40, 3, 62
41, 3, 62
12, 3, 9
52, 2, 9
51, 2, 9
50, 2, 9
42, 3, 62
43, 3, 62
21, 4, 62
14, 2, 9
13, 2, 9
49, 1, 9
48, 1, 9
47, 1, 9
22, 4, 62
42, 4, 62
43, 4, 62
18, 1, 9
17, 1, 9
16, 1, 9
15, 1, 9
46, 0, 9
45, 0, 9
44, 0, 9
43, 0, 9
42, 0, 9
41, 0, 9
40, 0, 9
39, 0, 9
38, 0, 9
37, 0, 9
36, 0, 9
35, 0, 9
34, 0, 9
33, 0, 9
32, 0, 9
31, 0, 9
30, 0, 9
29, 0, 9
28, 0, 9
27, 0, 9
26, 0, 9
25, 0, 9
24, 0, 9
23, 0, 9
22, 0, 9
21, 0, 9
20, 0, 9
19, 0, 9
44, 18, 8
43, 18, 8
42, 18, 8
41, 18, 8
40, 18, 8
39, 18, 8
38, 18, 8
37, 18, 8
36, 18, 8
35, 18, 8
34, 18, 8
33, 18, 8
32, 18, 8
31, 18, 8
30, 18, 8
29, 18, 8
28, 18, 8
27, 18, 8
26, 18, 8
25, 18, 8
24, 18, 8
23, 18, 8
22, 18, 8
21, 18, 8
48, 17, 8
47, 17, 8
46, 17, 8
45, 17, 8
44, 4, 62
45, 4, 62
19, 5, 62
20, 5, 62
20, 17, 8
19, 17, 8
18, 17, 8
17, 17, 8
50, 16, 8
49, 16, 8
21, 5, 62
45, 5, 62
16, 16, 8
15, 16, 8
52, 15, 8
51, 15, 8
46, 5, 62
18, 6, 62
14, 15, 8
13, 15, 8
53, 14, 8
52, 14, 8
19, 6, 62
46, 6, 62
13, 14, 8
12, 14, 8
54, 13, 8
47, 6, 62
18, 7, 62
19, 7, 62
46, 7, 62
11, 13, 8
54, 12, 8
47, 7, 62
17, 8, 62
11, 12, 8
54, 11, 8
18, 8, 62
19, 8, 62
11, 11, 8
55, 10, 8
47, 8, 62
48, 8, 62
10, 10, 8
55, 9, 8
17, 9, 62
18, 9, 62
10, 9, 8
55, 8, 8
47, 9, 62
48, 9, 62
10, 8, 8
54, 7, 8
17, 10, 62
18, 10, 62
11, 7, 8
54, 6, 8
46, 10, 62
47, 10, 62
11, 6, 8
54, 5, 8
48, 10, 62
18, 11, 62
19, 11, 62
46, 11, 62
11, 5, 8
53, 4, 8
52, 4, 8
47, 11, 62
18, 12, 62
13, 4, 8
12, 4, 8
52, 3, 8
51, 3, 8
19, 12, 62
46, 12, 62
14, 3, 8
13, 3, 8
50, 2, 8
49, 2, 8
47, 12, 62
19, 13, 62
16, 2, 8
15, 2, 8
48, 1, 8
47, 1, 8
46, 1, 8
45, 1, 8
20, 13, 62
44, 13, 62
45, 13, 62
46, 13, 62
20, 1, 8
19, 1, 8
18, 1, 8
17, 1, 8
44, 0, 8
43, 0, 8
42, 0, 8
41, 0, 8
40, 0, 8
39, 0, 8
38, 0, 8
37, 0, 8
36, 0, 8
35, 0, 8
34, 0, 8
33, 0, 8
32, 0, 8
31, 0, 8
30, 0, 8
29, 0, 8
28, 0, 8
27, 0, 8
26, 0, 8
25, 0, 8
24, 0, 8
23, 0, 8
22, 0, 8
21, 0, 8
42, 18, 7
41, 18, 7
40, 18, 7
39, 18, 7
38, 18, 7
37, 18, 7
36, 18, 7
35, 18, 7
34, 18, 7
33, 18, 7
32, 18, 7
31, 18, 7
30, 18, 7
29, 18, 7
28, 18, 7
27, 18, 7
26, 18, 7
25, 18, 7
24, 18, 7
23, 18, 7
47, 17, 7
46, 17, 7
45, 17, 7
44, 17, 7
43, 17, 7
20, 14, 62
21, 14, 62
22, 14, 62
23, 14, 62
43, 14, 62
22, 17, 7
21, 17, 7
20, 17, 7
19, 17, 7
18, 17, 7
49, 16, 7
48, 16, 7
44, 14, 62
22, 15, 62
23, 15, 62
24, 15, 62
25, 15, 62
17, 16, 7
16, 16, 7
51, 15, 7
50, 15, 7
41, 15, 62
42, 15, 62
43, 15, 62
25, 16, 62
15, 15, 7
14, 15, 7
51, 14, 7
26, 16, 62
27, 16, 62
14, 14, 7
53, 13, 7
52, 13, 7
28, 16, 62
29, 16, 62
13, 13, 7
12, 13, 7
53, 12, 7
30, 16, 62
31, 16, 62
12, 12, 7
53, 11, 7
32, 16, 62
33, 16, 62
12, 11, 7
54, 10, 7
53, 10, 7
34, 16, 62
35, 16, 62
12, 10, 7
11, 10, 7
54, 9, 7
36, 16, 62
37, 16, 62
11, 9, 7
54, 8, 7
53, 8, 7
38, 16, 62
39, 16, 62
12, 8, 7
11, 8, 7
53, 7, 7
40, 16, 62
32, 2, 63
12, 7, 7
53, 6, 7
33, 2, 63
34, 2, 63
12, 6, 7
53, 5, 7
52, 5, 7
25, 3, 63
26, 3, 63
13, 5, 7
12, 5, 7
51, 4, 7
27, 3, 63
28, 3, 63
14, 4, 7
51, 3, 7
50, 3, 7
29, 3, 63
30, 3, 63
31, 3, 63
33, 3, 63
15, 3, 7
14, 3, 7
49, 2, 7
48, 2, 7
34, 3, 63
35, 3, 63
36, 3, 63
37, 3, 63
17, 2, 7
16, 2, 7
47, 1, 7
46, 1, 7
45, 1, 7
44, 1, 7
43, 1, 7
38, 3, 63
39, 3, 63
23, 4, 63
24, 4, 63
25, 4, 63
22, 1, 7
21, 1, 7
20, 1, 7
19, 1, 7
18, 1, 7
42, 0, 7
41, 0, 7
40, 0, 7
39, 0, 7
38, 0, 7
37, 0, 7
36, 0, 7
35, 0, 7
34, 0, 7
33, 0, 7
32, 0, 7
31, 0, 7
30, 0, 7
29, 0, 7
28, 0, 7
27, 0, 7
26, 0, 7
25, 0, 7
24, 0, 7
23, 0, 7
40, 18, 6
39, 18, 6
38, 18, 6
37, 18, 6
36, 18, 6
35, 18, 6
34, 18, 6
33, 18, 6
32, 18, 6
31, 18, 6
30, 18, 6
29, 18, 6
28, 18, 6
27, 18, 6
26, 18, 6
45, 17, 6
44, 17, 6
43, 17, 6
42, 17, 6
41, 17, 6
26, 4, 63
39, 4, 63
40, 4, 63
41, 4, 63
22, 5, 63
23, 5, 63
24, 5, 63
41, 5, 63
25, 17, 6
24, 17, 6
23, 17, 6
22, 17, 6
21, 17, 6
20, 17, 6
48, 16, 6
47, 16, 6
46, 16, 6
42, 5, 63
43, 5, 63
44, 5, 63
20, 6, 63
19, 16, 6
18, 16, 6
17, 16, 6
49, 15, 6
21, 6, 63
22, 6, 63
43, 6, 63
44, 6, 63
45, 6, 63
17, 15, 6
16, 15, 6
50, 14, 6
20, 7, 63
21, 7, 63
22, 7, 63
43, 7, 63
15, 14, 6
51, 13, 6
50, 13, 6
44, 7, 63
45, 7, 63
15, 13, 6
14, 13, 6
52, 12, 6
51, 12, 6
20, 8, 63
21, 8, 63
14, 12, 6
13, 12, 6
52, 11, 6
44, 8, 63
45, 8, 63
13, 11, 6
52, 10, 6
46, 8, 63
19, 9, 63
13, 10, 6
53, 9, 6
52, 9, 6
20, 9, 63
45, 9, 63
13, 9, 6
12, 9, 6
52, 8, 6
46, 9, 63
19, 10, 63
13, 8, 6
52, 7, 6
20, 10, 63
21, 10, 63
13, 7, 6
52, 6, 6
51, 6, 6
44, 10, 63
45, 10, 63
14, 6, 6
13, 6, 6
51, 5, 6
50, 5, 6
20, 11, 63
21, 11, 63
15, 5, 6
14, 5, 6
50, 4, 6
22, 11, 63
43, 11, 63
44, 11, 63
45, 11, 63
15, 4, 6
49, 3, 6
48, 3, 6
20, 12, 63
21, 12, 63
22, 12, 63
43, 12, 63
44, 12, 63
16, 3, 6
48, 2, 6
47, 2, 6
46, 2, 6
45, 12, 63
21, 13, 63
22, 13, 63
23, 13, 63
19, 2, 6
18, 2, 6
17, 2, 6
45, 1, 6
44, 1, 6
43, 1, 6
42, 1, 6
41, 1, 6
40, 1, 6
24, 13, 63
41, 13, 63
42, 13, 63
43, 13, 63
24, 14, 63
25, 14, 63
26, 14, 63
39, 14, 63
24, 1, 6
23, 1, 6
22, 1, 6
21, 1, 6
20, 1, 6
39, 0, 6
38, 0, 6
37, 0, 6
36, 0, 6
35, 0, 6
34, 0, 6
33, 0, 6
32, 0, 6
31, 0, 6
30, 0, 6
29, 0, 6
28, 0, 6
27, 0, 6
26, 0, 6
25, 0, 6
33, 18, 5
32, 18, 5
42, 17, 5
41, 17, 5
40, 17, 5
39, 17, 5
38, 17, 5
37, 17, 5
36, 17, 5
35, 17, 5
34, 17, 5
40, 14, 63
41, 14, 63
31, 17, 5
30, 17, 5
29, 17, 5
28, 17, 5
27, 17, 5
26, 17, 5
25, 17, 5
24, 17, 5
23, 17, 5
22, 17, 5
45, 16, 5
44, 16, 5
43, 16, 5
42, 14, 63
26, 15, 63
27, 15, 63
28, 15, 63
29, 15, 63
30, 15, 63
31, 15, 63
21, 16, 5
20, 16, 5
48, 15, 5
47, 15, 5
46, 15, 5
32, 15, 63
33, 15, 63
34, 15, 63
35, 15, 63
19, 15, 5
18, 15, 5
49, 14, 5
48, 14, 5
36, 15, 63
37, 15, 63
38, 15, 63
39, 15, 63
17, 14, 5
16, 14, 5
49, 13, 5
40, 15, 63
31, 16, 63
16, 13, 5
50, 12, 5
32, 16, 63
32, 3, 64
15, 12, 5
51, 11, 5
50, 11, 5
27, 4, 64
28, 4, 64
15, 11, 5
14, 11, 5
51, 10, 5
29, 4, 64
15, 10, 5
14, 10, 5
51, 9, 5
30, 4, 64
31, 4, 64
14, 9, 5
51, 8, 5
50, 8, 5
32, 4, 64
14, 8, 5
51, 7, 5
50, 7, 5
33, 4, 64
34, 4, 64
15, 7, 5
14, 7, 5
50, 6, 5
35, 4, 64
36, 4, 64
15, 6, 5
49, 5, 5
37, 4, 64
38, 4, 64
16, 5, 5
49, 4, 5
48, 4, 5
25, 5, 64
26, 5, 64
27, 5, 64
28, 5, 64
17, 4, 5
16, 4, 5
47, 3, 5
46, 3, 5
29, 5, 64
30, 5, 64
31, 5, 64
34, 5, 64
19, 3, 5
18, 3, 5
17, 3, 5
45, 2, 5
44, 2, 5
36, 5, 64
37, 5, 64
38, 5, 64
39, 5, 64
40, 5, 64
23, 6, 64
24, 6, 64
22, 2, 5
21, 2, 5
20, 2, 5
43, 1, 5
42, 1, 5
41, 1, 5
40, 1, 5
39, 1, 5
38, 1, 5
37, 1, 5
36, 1, 5
35, 1, 5
34, 1, 5
25, 6, 64
26, 6, 64
31, 1, 5
30, 1, 5
29, 1, 5
28, 1, 5
27, 1, 5
26, 1, 5
25, 1, 5
24, 1, 5
23, 1, 5
33, 0, 5
32, 0, 5
39, 17, 4
38, 17, 4
37, 17, 4
36, 17, 4
35, 17, 4
34, 17, 4
33, 17, 4
32, 17, 4
31, 17, 4
30, 17, 4
29, 17, 4
28, 17, 4
27, 17, 4
26, 17, 4
43, 16, 4
42, 16, 4
41, 16, 4
40, 16, 4
39, 6, 64
40, 6, 64
41, 6, 64
42, 6, 64
23, 7, 64
24, 7, 64
25, 7, 64
39, 7, 64
40, 7, 64
41, 7, 64
42, 7, 64
22, 8, 64
25, 16, 4
24, 16, 4
23, 16, 4
22, 16, 4
45, 15, 4
44, 15, 4
23, 8, 64
24, 8, 64
40, 8, 64
41, 8, 64
42, 8, 64
43, 8, 64
21, 15, 4
20, 15, 4
47, 14, 4
46, 14, 4
21, 9, 64
22, 9, 64
23, 9, 64
20, 14, 4
19, 14, 4
18, 14, 4
48, 13, 4
47, 13, 4
24, 9, 64
41, 9, 64
42, 9, 64
43, 9, 64
18, 13, 4
17, 13, 4
49, 12, 4
48, 12, 4
44, 9, 64
22, 10, 64
17, 12, 4
16, 12, 4
49, 11, 4
48, 11, 4
23, 10, 64
24, 10, 64
17, 11, 4
16, 11, 4
50, 10, 4
49, 10, 4
25, 10, 64
40, 10, 64
16, 10, 4
50, 9, 4
49, 9, 4
41, 10, 64
42, 10, 64
16, 9, 4
15, 9, 4
49, 8, 4
43, 10, 64
23, 11, 64
16, 8, 4
15, 8, 4
49, 7, 4
48, 7, 4
24, 11, 64
25, 11, 64
17, 7, 4
16, 7, 4
49, 6, 4
48, 6, 4
26, 11, 64
40, 11, 64
17, 6, 4
16, 6, 4
48, 5, 4
47, 5, 4
41, 11, 64
42, 11, 64
23, 12, 64
24, 12, 64
18, 5, 4
17, 5, 4
47, 4, 4
46, 4, 4
45, 4, 4
25, 12, 64
26, 12, 64
39, 12, 64
19, 4, 4
18, 4, 4
45, 3, 4
44, 3, 4
40, 12, 64
41, 12, 64
42, 12, 64
25, 13, 64
26, 13, 64
27, 13, 64
21, 3, 4
20, 3, 4
43, 2, 4
42, 2, 4
41, 2, 4
40, 2, 4
28, 13, 64
29, 13, 64
31, 13, 64
34, 13, 64
35, 13, 64
36, 13, 64
37, 13, 64
38, 13, 64
39, 13, 64
40, 13, 64
27, 14, 64
28, 14, 64
25, 2, 4
24, 2, 4
23, 2, 4
22, 2, 4
39, 1, 4
38, 1, 4
37, 1, 4
36, 1, 4
35, 1, 4
34, 1, 4
33, 1, 4
32, 1, 4
31, 1, 4
30, 1, 4
29, 1, 4
28, 1, 4
27, 1, 4
26, 1, 4
40, 16, 3
39, 16, 3
38, 16, 3
37, 16, 3
36, 16, 3
35, 16, 3
34, 16, 3
33, 16, 3
32, 16, 3
31, 16, 3
30, 16, 3
29, 16, 3
28, 16, 3
27, 16, 3
26, 16, 3
25, 16, 3
43, 15, 3
42, 15, 3
41, 15, 3
40, 15, 3
29, 14, 64
30, 14, 64
31, 14, 64
32, 14, 64
33, 14, 64
34, 14, 64
35, 14, 64
36, 14, 64
37, 14, 64
24, 15, 3
23, 15, 3
22, 15, 3
45, 14, 3
44, 14, 3
43, 14, 3
42, 14, 3
38, 14, 64
33, 15, 64
32, 5, 65
33, 5, 65
22, 14, 3
21, 14, 3
46, 13, 3
45, 13, 3
35, 5, 65
27, 6, 65
28, 6, 65
21, 13, 3
20, 13, 3
19, 13, 3
47, 12, 3
46, 12, 3
29, 6, 65
30, 6, 65
31, 6, 65
19, 12, 3
18, 12, 3
47, 11, 3
46, 11, 3
32, 6, 65
33, 6, 65
19, 11, 3
18, 11, 3
48, 10, 3
47, 10, 3
34, 6, 65
19, 10, 3
18, 10, 3
17, 10, 3
48, 9, 3
47, 9, 3
35, 6, 65
36, 6, 65
18, 9, 3
17, 9, 3
48, 8, 3
47, 8, 3
46, 8, 3
37, 6, 65
18, 8, 3
17, 8, 3
47, 7, 3
46, 7, 3
38, 6, 65
26, 7, 65
19, 7, 3
18, 7, 3
47, 6, 3
46, 6, 3
27, 7, 65
28, 7, 65
29, 7, 65
19, 6, 3
18, 6, 3
46, 5, 3
45, 5, 3
44, 5, 3
30, 7, 65
31, 7, 65
32, 7, 65
20, 5, 3
19, 5, 3
44, 4, 3
43, 4, 3
33, 7, 65
34, 7, 65
35, 7, 65
36, 7, 65
23, 4, 3
22, 4, 3
21, 4, 3
20, 4, 3
43, 3, 3
42, 3, 3
41, 3, 3
37, 7, 65
38, 7, 65
25, 8, 65
26, 8, 65
27, 8, 65
28, 8, 65
29, 8, 65
30, 8, 65
31, 8, 65
25, 3, 3
24, 3, 3
23, 3, 3
22, 3, 3
40, 2, 3
39, 2, 3
38, 2, 3
37, 2, 3
36, 2, 3
35, 2, 3
34, 2, 3
33, 2, 3
32, 2, 3
31, 2, 3
30, 2, 3
29, 2, 3
28, 2, 3
27, 2, 3
26, 2, 3
25, 2, 3
34, 16, 2
33, 16, 2
32, 16, 2
39, 15, 2
38, 15, 2
37, 15, 2
36, 15, 2
35, 15, 2
34, 15, 2
33, 15, 2
32, 8, 65
31, 15, 2
30, 15, 2
29, 15, 2
28, 15, 2
27, 15, 2
26, 15, 2
25, 15, 2
41, 14, 2
40, 14, 2
39, 14, 2
33, 8, 65
34, 8, 65
35, 8, 65
36, 8, 65
37, 8, 65
38, 8, 65
39, 8, 65
25, 9, 65
26, 9, 65
26, 14, 2
25, 14, 2
24, 14, 2
23, 14, 2
44, 13, 2
43, 13, 2
42, 13, 2
41, 13, 2
27, 9, 65
28, 9, 65
29, 9, 65
24, 13, 2
23, 13, 2
22, 13, 2
45, 12, 2
44, 12, 2
43, 12, 2
30, 9, 65
31, 9, 65
32, 9, 65
22, 12, 2
21, 12, 2
20, 12, 2
45, 11, 2
44, 11, 2
43, 11, 2
33, 9, 65
22, 11, 2
21, 11, 2
20, 11, 2
46, 10, 2
45, 10, 2
44, 10, 2
34, 9, 65
35, 9, 65
21, 10, 2
20, 10, 2
46, 9, 2
45, 9, 2
36, 9, 65
37, 9, 65
20, 9, 2
19, 9, 2
45, 8, 2
44, 8, 2
38, 9, 65
39, 9, 65
21, 8, 2
20, 8, 2
19, 8, 2
45, 7, 2
44, 7, 2
43, 7, 2
40, 9, 65
22, 7, 2
21, 7, 2
20, 7, 2
45, 6, 2
44, 6, 2
43, 6, 2
26, 10, 65
27, 10, 65
28, 10, 65
22, 6, 2
21, 6, 2
20, 6, 2
43, 5, 2
42, 5, 2
41, 5, 2
29, 10, 65
30, 10, 65
31, 10, 65
24, 5, 2
23, 5, 2
22, 5, 2
21, 5, 2
42, 4, 2
41, 4, 2
40, 4, 2
39, 4, 2
32, 10, 65
33, 10, 65
34, 10, 65
35, 10, 65
36, 10, 65
37, 10, 65
38, 10, 65
39, 10, 65
27, 11, 65
26, 4, 2
25, 4, 2
24, 4, 2
40, 3, 2
39, 3, 2
38, 3, 2
37, 3, 2
36, 3, 2
35, 3, 2
34, 3, 2
33, 3, 2
32, 3, 2
31, 3, 2
30, 3, 2
29, 3, 2
28, 3, 2
27, 3, 2
26, 3, 2
32, 2, 2
31, 2, 2
32, 15, 1
38, 14, 1
37, 14, 1
36, 14, 1
35, 14, 1
34, 14, 1
33, 14, 1
32, 14, 1
31, 14, 1
30, 14, 1
29, 14, 1
28, 14, 1
27, 14, 1
40, 13, 1
39, 13, 1
38, 13, 1
37, 13, 1
36, 13, 1
28, 11, 65
34, 13, 1
29, 11, 65
30, 11, 65
31, 13, 1
30, 13, 1
29, 13, 1
28, 13, 1
27, 13, 1
26, 13, 1
25, 13, 1
42, 12, 1
41, 12, 1
40, 12, 1
39, 12, 1
31, 11, 65
32, 11, 65
33, 11, 65
34, 11, 65
35, 11, 65
36, 11, 65
26, 12, 1
25, 12, 1
24, 12, 1
23, 12, 1
42, 11, 1
41, 11, 1
40, 11, 1
39, 11, 1
37, 11, 65
25, 11, 1
24, 11, 1
23, 11, 1
43, 10, 1
42, 10, 1
41, 10, 1
40, 10, 1
38, 11, 65
39, 11, 65
27, 12, 65
24, 10, 1
23, 10, 1
22, 10, 1
44, 9, 1
43, 9, 1
42, 9, 1
41, 9, 1
28, 12, 65
29, 12, 65
24, 9, 1
23, 9, 1
22, 9, 1
21, 9, 1
43, 8, 1
42, 8, 1
41, 8, 1
40, 8, 1
30, 12, 65
31, 12, 65
25, 8, 1
24, 8, 1
23, 8, 1
22, 8, 1
42, 7, 1
41, 7, 1
40, 7, 1
32, 12, 65
26, 7, 1
25, 7, 1
24, 7, 1
23, 7, 1
42, 6, 1
41, 6, 1
40, 6, 1
39, 6, 1
33, 12, 65
34, 12, 65
35, 12, 65
36, 12, 65
37, 12, 65
38, 12, 65
26, 6, 1
25, 6, 1
24, 6, 1
23, 6, 1
40, 5, 1
39, 5, 1
38, 5, 1
37, 5, 1
36, 5, 1
35, 5, 1
34, 5, 1
30, 13, 65
32, 13, 65
31, 5, 1
33, 13, 65
29, 5, 1
28, 5, 1
27, 5, 1
26, 5, 1
25, 5, 1
38, 4, 1
37, 4, 1
36, 4, 1
35, 4, 1
34, 4, 1
33, 4, 1
32, 4, 1
31, 4, 1
30, 4, 1
29, 4, 1
28, 4, 1
27, 4, 1
33, 3, 1
35, 13, 0
33, 13, 0
32, 13, 0
38, 12, 0
37, 12, 0
36, 12, 0
35, 12, 0
34, 12, 0
33, 12, 0
32, 12, 0
31, 12, 0
30, 12, 0
29, 12, 0
28, 12, 0
27, 12, 0
38, 11, 0
37, 11, 0
36, 11, 0
35, 11, 0
34, 11, 0
33, 11, 0
32, 11, 0
31, 11, 0
30, 11, 0
29, 11, 0
28, 11, 0
27, 11, 0
26, 11, 0
39, 10, 0
38, 10, 0
37, 10, 0
36, 10, 0
35, 10, 0
34, 10, 0
33, 10, 0
32, 10, 0
31, 10, 0
30, 10, 0
29, 10, 0
28, 10, 0
27, 10, 0
26, 10, 0
25, 10, 0
40, 9, 0
39, 9, 0
38, 9, 0
37, 9, 0
36, 9, 0
35, 9, 0
34, 9, 0
33, 9, 0
32, 9, 0
31, 9, 0
30, 9, 0
29, 9, 0
28, 9, 0
27, 9, 0
26, 9, 0
25, 9, 0
39, 8, 0
38, 8, 0
37, 8, 0
36, 8, 0
35, 8, 0
34, 8, 0
33, 8, 0
32, 8, 0
31, 8, 0
30, 8, 0
29, 8, 0
28, 8, 0
27, 8, 0
26, 8, 0
39, 7, 0
38, 7, 0
37, 7, 0
36, 7, 0
35, 7, 0
34, 7, 0
33, 7, 0
32, 7, 0
31, 7, 0
30, 7, 0
29, 7, 0
28, 7, 0
27, 7, 0
38, 6, 0
37, 6, 0
36, 6, 0
35, 6, 0
34, 6, 0
33, 6, 0
32, 6, 0
31, 6, 0
30, 6, 0
29, 6, 0
28, 6, 0
27, 6, 0
33, 5, 0
32, 5, 0
30, 5, 0